1.000000, -0.000000
1.000000, -1.000000

1.000000, -0.000463
0.910256, -0.996428

0.999998, -0.001743
0.837308, -0.988420

0.999993, -0.003679
0.780378, -0.979266

0.999981, -0.006124
0.737829, -0.971150

0.999960, -0.008943
0.707547, -0.965235

0.999928, -0.012024
0.687262, -0.961888

0.999883, -0.015276
0.674762, -0.960948

0.999827, -0.018626
0.668032, -0.961978

0.999757, -0.022024
0.665318, -0.964442

0.999676, -0.025436
0.665149, -0.967822

0.999584, -0.028839
0.666335, -0.971678

0.999481, -0.032226
0.667937, -0.975666

0.999366, -0.035596
0.669240, -0.979533

0.999241, -0.038954
0.669717, -0.983101

0.999104, -0.042311
0.668993, -0.986253

0.998956, -0.045681
0.666820, -0.988913

0.998795, -0.049081
0.663044, -0.991032

0.998620, -0.052527
0.657589, -0.992579

0.998429, -0.056037
0.650433, -0.993534

0.998221, -0.059630
0.641600, -0.993880

0.997993, -0.063323
0.631143, -0.993603

0.997744, -0.067133
0.619139, -0.992692

0.997471, -0.071077
0.605681, -0.991131

0.997171, -0.075169
0.590870, -0.988909

0.996841, -0.079426
0.574816, -0.986010

0.996478, -0.083860
0.557631, -0.982422

0.996078, -0.088484
0.539428, -0.978131

0.995637, -0.093311
0.520319, -0.973125

0.995152, -0.098351
0.500415, -0.967394

0.994618, -0.103615
0.479821, -0.960927

0.994030, -0.109111
0.458642, -0.953718

0.993383, -0.114849
0.436974, -0.945758

0.992672, -0.120837
0.414911, -0.937043

0.991892, -0.127081
0.392541, -0.927567

0.991037, -0.133589
0.369945, -0.917326

0.990100, -0.140366
0.347200, -0.906316

0.989074, -0.147418
0.324376, -0.894530

0.987954, -0.154750
0.301538, -0.881960

0.986730, -0.162368
0.278747, -0.868597

0.985396, -0.170276
0.256054, -0.854425

0.983944, -0.178478
0.233511, -0.839424

0.982364, -0.186979
0.211161, -0.823568

0.980647, -0.195783
0.189045, -0.806820

0.978784, -0.204896
0.167201, -0.789133

0.976763, -0.214320
0.145665, -0.770446

0.974575, -0.224063
0.124474, -0.750683

0.972205, -0.234129
0.103666, -0.729749

0.969643, -0.244525
0.083284, -0.707525

0.966873, -0.255259
0.063383, -0.683868

0.963880, -0.266338
0.044030, -0.658608

0.960647, -0.277773
0.025314, -0.631543

0.957156, -0.289574
0.007359, -0.602441

0.953385, -0.301756
-0.009675, -0.571042

0.949313, -0.314332
-0.025567, -0.537061

0.944913, -0.327321
-0.040029, -0.500204

0.940157, -0.340741
-0.052684, -0.460184

0.935013, -0.354613
-0.063054, -0.416754

0.929445, -0.368960
-0.070554, -0.369746

0.923414, -0.383805
-0.074492, -0.319123

0.916876, -0.399173
-0.074087, -0.265037

0.909783, -0.415084
-0.068516, -0.207888

0.902085, -0.431558
-0.056977, -0.148361

0.893729, -0.448608
-0.038774, -0.087445

0.884658, -0.466241
-0.013417, -0.026398

0.874816, -0.484456
0.019305, 0.033330

0.864146, -0.503241
0.059277, 0.090211

0.852593, -0.522575
0.106066, 0.142780

0.840103, -0.542427
0.158989, 0.189751

0.826623, -0.562756
0.217216, 0.230102

0.812103, -0.583515
0.279894, 0.263098

0.796492, -0.604648
0.346255, 0.288260

0.779743, -0.626100
0.415700, 0.305282

0.761802, -0.647810
0.487832, 0.313928

0.742616, -0.669717
0.562450, 0.313919

0.722128, -0.691759
0.639513, 0.304823

0.700274, -0.713874
0.719064, 0.285949

0.676981, -0.736001
0.801138, 0.256262

0.652168, -0.758074
0.885641, 0.214289

0.625744, -0.780029
0.972184, 0.158043

0.597601, -0.801794
1.059871, 0.084945

0.567615, -0.823294
1.146991, -0.008233

0.535645, -0.844444
1.230581, -0.125372

0.501521, -0.865146
1.305804, -0.270900

0.465045, -0.885287
1.365062, -0.449431

0.425984, -0.904731
1.396802, -0.664913

0.384056, -0.923310
1.384046, -0.918786

0.338925, -0.940814
1.303017, -1.206380

0.290180, -0.956972
1.123116, -1.510341

0.237328, -0.971430
0.811642, -1.790065

0.179779, -0.983707
0.350611, -1.969007

0.116852, -0.993149
-0.223771, -1.933349

0.047853, -0.998854
-0.764556, -1.581943

-0.027685, -0.999617
-1.027266, -0.970648

-0.109392, -0.993999
-0.921588, -0.410614

-0.195075, -0.980788
-0.776581, -0.167246

-0.280356, -0.959896
-0.954340, -0.221150

-0.360418, -0.932791
-1.308349, -0.614313

-0.432425, -0.901670
-1.371930, -1.244207

-0.495860, -0.868402
-1.018169, -1.721159

-0.551428, -0.834222
-0.499134, -1.832854

-0.600171, -0.799872
-0.057915, -1.640085

-0.643083, -0.765796
0.209867, -1.287789

-0.681011, -0.732273
0.306235, -0.891470

-0.714647, -0.699486
0.268737, -0.517948

-0.744551, -0.667566
0.138565, -0.198411

-0.771181, -0.636616
-0.050275, 0.056417

-0.794916, -0.606720
-0.272523, 0.245985

-0.816068, -0.577956
-0.510174, 0.374110

-0.834904, -0.550395
-0.750438, 0.446032

-0.851651, -0.524109
-0.983966, 0.467099

-0.866505, -0.499168
-1.203507, 0.442336

-0.879637, -0.475645
-1.402994, 0.376468

-0.891199, -0.453613
-1.576977, 0.274198

-0.901325, -0.433143
-1.720371, 0.140585

-0.910138, -0.414305
-1.828494, -0.018548

-0.917748, -0.397164
-1.897367, -0.196300

-0.924254, -0.381778
-1.924250, -0.384551

-0.929750, -0.368191
-1.908313, -0.574139

-0.934321, -0.356432
-1.851281, -0.755412

-0.938048, -0.346505
-1.757841, -0.919166

-0.941006, -0.338390
-1.635580, -1.057811

-0.943268, -0.332032
-1.494322, -1.166501

-0.944905, -0.327345
-1.344915, -1.243855

-0.945985, -0.324209
-1.197761, -1.291995

-0.946578, -0.322475
-1.061478, -1.315852

-0.946751, -0.321968
-0.942066, -1.321957

-0.946570, -0.322499
-0.842725, -1.317092

-0.946101, -0.323872
-0.764224, -1.307194

-0.945405, -0.325897
-0.705573, -1.296712

-0.944541, -0.328395
-0.664737, -1.288452

-0.943559, -0.331205
-0.639208, -1.283765

-0.942506, -0.334189
-0.626396, -1.282911

-0.941421, -0.337233
-0.623854, -1.285469

-0.940336, -0.340247
-0.629384, -1.290673

-0.939277, -0.343160
-0.641080, -1.297664

-0.938264, -0.345921
-0.657333, -1.305649

-0.937311, -0.348494
-0.676817, -1.313969

-0.936430, -0.350855
-0.698471, -1.322130

-0.935627, -0.352990
-0.721473, -1.329790

-0.934907, -0.354892
-0.745205, -1.336734

-0.934273, -0.356559
-0.769229, -1.342845

-0.933725, -0.357991
-0.793256, -1.348076

-0.933264, -0.359192
-0.817118, -1.352424

-0.932889, -0.360165
-0.840744, -1.355911

-0.932599, -0.360915
-0.864145, -1.358569

-0.932394, -0.361444
-0.887389, -1.360431

-0.932273, -0.361755
-0.910593, -1.361520

-0.932237, -0.361848
-0.933910, -1.361847

-0.932286, -0.361723
-0.957520, -1.361404

-0.932420, -0.361376
-0.981626, -1.360165

-0.932642, -0.360803
-1.006446, -1.358076

-0.932954, -0.359995
-1.032211, -1.355057

-0.933359, -0.358944
-1.059161, -1.350999

-0.933861, -0.357636
-1.087542, -1.345757

-0.934464, -0.356057
-1.117605, -1.339144

-0.935174, -0.354187
-1.149598, -1.330928

-0.935997, -0.352007
-1.183769, -1.320826

-0.936939, -0.349492
-1.220354, -1.308489

-0.938008, -0.346613
-1.259572, -1.293501

-0.939212, -0.343339
-1.301615, -1.275360

-0.940558, -0.339634
-1.346631, -1.253475

-0.942055, -0.335459
-1.394701, -1.227149

-0.943712, -0.330768
-1.445815, -1.195576

-0.945538, -0.325513
-1.499832, -1.157834

-0.947539, -0.319639
-1.556429, -1.112894

-0.949725, -0.313086
-1.615042, -1.059647

-0.952099, -0.305790
-1.674791, -0.996960

-0.954665, -0.297683
-1.734410, -0.923780

-0.957422, -0.288692
-1.792176, -0.839315

-0.960365, -0.278747
-1.845904, -0.743312

-0.963480, -0.267780
-1.893037, -0.636458

-0.966746, -0.255739
-1.930948, -0.520906

-0.970128, -0.242594
-1.957525, -0.400855

-0.973577, -0.228359
-1.972082, -0.283024

-0.977027, -0.213113
-1.976367, -0.176761

-0.980397, -0.197030
-1.975027, -0.093533

-0.983594, -0.180398
-1.974487, -0.045745

-0.986522, -0.163631
-1.979469, -0.045074

-0.989100, -0.147247
-1.987994, -0.100230

-0.991274, -0.131820
-1.987915, -0.213714

-0.993025, -0.117908
-1.958625, -0.377939

-0.994367, -0.105991
-1.878492, -0.573241

-0.995339, -0.096441
-1.734020, -0.770496

-0.995986, -0.089514
-1.525433, -0.937857

-0.996350, -0.085365
-1.266525, -1.048176

-0.996459, -0.084080
-0.980423, -1.083951

-0.996322, -0.085689
-0.694125, -1.038935

-0.995924, -0.090193
-0.433825, -0.917262

-0.995229, -0.097569
-0.221680, -0.731306

-0.994174, -0.107783
-0.073933, -0.499135

-0.992678, -0.120791
-0.000053, -0.242013

-0.990635, -0.136537
-0.002629, 0.017877

-0.987920, -0.154962
-0.077829, 0.259446

-0.984392, -0.175990
-0.216315, 0.464367

-0.979890, -0.199539
-0.404515, 0.618351

-0.974241, -0.225508
-0.626142, 0.711949

-0.967261, -0.253783
-0.863808, 0.740851

-0.958756, -0.284231
-1.100566, 0.705663

-0.948526, -0.316698
-1.321230, 0.611253

-0.936371, -0.351013
-1.513330, 0.465760

-0.922087, -0.386982
-1.667657, 0.279447

-0.905479, -0.424391
-1.778363, 0.063536

-0.886353, -0.463010
-1.842709, -0.170803

-0.864528, -0.502585
-1.860528, -0.413232

-0.839829, -0.542851
-1.833552, -0.654722

-0.812096, -0.583524
-1.764702, -0.887730

-0.781178, -0.624309
-1.657454, -1.106118

-0.746934, -0.664898
-1.515348, -1.304852

-0.709236, -0.704971
-1.341706, -1.479556

-0.667960, -0.744197
-1.139594, -1.625991

-0.622990, -0.782230
-0.912068, -1.739536

-0.574214, -0.818706
-0.662762, -1.814777

-0.521526, -0.853236
-0.396850, -1.845433

-0.464830, -0.885400
-0.122316, -1.824912

-0.404053, -0.914735
0.148780, -1.748027

-0.339167, -0.940726
0.399943, -1.614312

-0.270230, -0.962796
0.612450, -1.432771

-0.197458, -0.980311
0.771886, -1.226019

-0.121315, -0.992614
0.878006, -1.029455

-0.042600, -0.999092
0.950536, -0.882126

0.037517, -0.999296
1.020135, -0.813660

0.117593, -0.993062
1.105355, -0.837094

0.196141, -0.980576
1.195615, -0.948152

0.271889, -0.962329
1.258656, -1.124478

0.343934, -0.938994
1.264862, -1.328727

0.411748, -0.911298
1.204674, -1.520616

0.475100, -0.879932
1.088168, -1.669962

0.533947, -0.845518
0.934817, -1.761653

0.588361, -0.808599
0.764241, -1.793010

0.638466, -0.769650
0.591824, -1.768562

0.684412, -0.729095
0.428085, -1.695686

0.726360, -0.687314
0.279752, -1.582044

0.764473, -0.644656
0.151166, -1.434501

0.798912, -0.601448
0.045447, -1.258936

0.829844, -0.557996
-0.034726, -1.060510

0.857434, -0.514593
-0.086716, -0.844107

0.881857, -0.471517
-0.107824, -0.614806

0.903290, -0.429030
-0.095421, -0.378279

0.921920, -0.387381
-0.047273, -0.141079

0.937937, -0.346805
0.038018, 0.089251

0.951543, -0.307516
0.160509, 0.304257

0.962940, -0.269715
0.318421, 0.494873

0.972337, -0.233581
0.507732, 0.651937

0.979944, -0.199275
0.721954, 0.766873

0.985967, -0.166939
0.952147, 0.832489

0.990613, -0.136696
1.187211, 0.843788

0.994080, -0.108650
1.414474, 0.798692

0.996559, -0.082889
1.620525, 0.698563

0.998229, -0.059486
1.792208, 0.548459

0.999259, -0.038500
1.917696, 0.357066

0.999800, -0.019980
1.987514, 0.136294

0.999992, -0.003964
1.995427, -0.099409

0.999955, 0.009514
1.939110, -0.333977

0.999791, 0.020430
1.820571, -0.550815

0.999586, 0.028759
1.646292, -0.733981

0.999405, 0.034483
1.427102, -0.869439

0.999293, 0.037589
1.177740, -0.946361

0.999275, 0.038068
0.916033, -0.958461

0.999354, 0.035928
0.661567, -0.905295

0.999513, 0.031195
0.433657, -0.793308

0.999714, 0.023932
0.248570, -0.636206

0.999898, 0.014253
0.116297, -0.453987

0.999997, 0.002339
0.037834, -0.270134

0.999933, -0.011539
0.004516, -0.107166

0.999635, -0.027026
0.000649, 0.017992

0.999045, -0.043692
0.008953, 0.096728

0.998133, -0.061071
0.016258, 0.128455

0.996897, -0.078712
0.016484, 0.118240

0.995360, -0.096225
0.009979, 0.074141

0.993560, -0.113306
0.000612, 0.005242

0.991547, -0.129746
-0.007196, -0.079633

0.989370, -0.145421
-0.010256, -0.172775

0.987072, -0.160277
-0.007101, -0.268076

0.984692, -0.174302
0.002302, -0.361143

0.982260, -0.187522
0.017089, -0.449142

0.979801, -0.199977
0.035997, -0.530485

0.977330, -0.211721
0.057695, -0.604494

0.974862, -0.222810
0.080971, -0.671096

0.972404, -0.233303
0.104821, -0.730595

0.969962, -0.243255
0.128455, -0.783501

0.967539, -0.252721
0.151289, -0.830420

0.965136, -0.261749
0.172912, -0.871980

0.962752, -0.270387
0.193053, -0.908794

0.960385, -0.278676
0.211550, -0.941432

0.958034, -0.286655
0.228326, -0.970414

0.955695, -0.294358
0.243366, -0.996204

0.953365, -0.301818
0.256701, -1.019216

0.951042, -0.309063
0.268396, -1.039813

0.948720, -0.316118
0.278537, -1.058314

0.946397, -0.323006
0.287227, -1.075000

0.944069, -0.329747
0.294578, -1.090116

0.941734, -0.336359
0.300707, -1.103878

0.939387, -0.342858
0.305732, -1.116473

0.937027, -0.349257
0.309770, -1.128069

0.934650, -0.355568
0.312933, -1.138810

0.932255, -0.361802
0.315326, -1.148820

0.929839, -0.367967
0.317043, -1.158208

0.927400, -0.374071
0.318166, -1.167061

0.924937, -0.380120
0.318755, -1.175445

0.922449, -0.386120
0.318846, -1.183405

0.919933, -0.392076
0.318446, -1.190959

0.917387, -0.397995
0.317516, -1.198092

0.914811, -0.403883
0.315968, -1.204749

0.912200, -0.409745
0.313647, -1.210829

0.909551, -0.415593
0.310316, -1.216166

0.906857, -0.421439
0.305638, -1.220523

0.904111, -0.427299
0.299167, -1.223567

0.901300, -0.433195
0.290330, -1.224848

0.898410, -0.439158
0.278433, -1.223778

0.895419, -0.445225
0.262683, -1.219593

0.892299, -0.451444
0.242237, -1.211325

0.889016, -0.457876
0.216296, -1.197773

0.885526, -0.464590
0.184257, -1.177486

0.881776, -0.471669
0.145902, -1.148789

0.877703, -0.479206
0.101637, -1.109858

0.873236, -0.487298
0.052700, -1.058893

0.868296, -0.496046
0.001311, -0.994380

0.862799, -0.505548
-0.049341, -0.915427

0.856654, -0.515891
-0.095310, -0.822102

0.849772, -0.527150
-0.132296, -0.715679

0.842063, -0.539379
-0.156177, -0.598690

0.833438, -0.552613
-0.163526, -0.474745

0.823813, -0.566862
-0.151982, -0.348173

0.813103, -0.582120
-0.120405, -0.223562

0.801228, -0.598359
-0.068796, -0.105350

0.788108, -0.615536
0.001930, 0.002463

0.773662, -0.633599
0.090250, 0.096434

0.757804, -0.652482
0.194308, 0.173637

0.740446, -0.672116
0.312119, 0.231508

0.721490, -0.692425
0.441652, 0.267623

0.700830, -0.713329
0.580794, 0.279441

0.678345, -0.734744
0.727183, 0.264063

0.653898, -0.756583
0.877889, 0.218008

0.627332, -0.778752
1.028915, 0.137071

0.598465, -0.801149
1.174462, 0.016304

0.567082, -0.823661
1.305871, -0.149725

0.532927, -0.846161
1.410173, -0.366120

0.495695, -0.868497
1.468242, -0.635791

0.455017, -0.890483
1.452896, -0.955581

0.410444, -0.911886
1.328228, -1.308965

0.361425, -0.932401
1.053881, -1.653861

0.307296, -0.951614
0.602690, -1.906989

0.247271, -0.968946
0.004727, -1.939087

0.180512, -0.983573
-0.585403, -1.626514

0.106367, -0.994327
-0.893440, -1.013978

0.025008, -0.999687
-0.801860, -0.437291

-0.061481, -0.998108
-0.655635, -0.193757

-0.148622, -0.988894
-0.838551, -0.265018

-0.231333, -0.972875
-1.189466, -0.686554

-0.306515, -0.951866
-1.230887, -1.333357

-0.373461, -0.927646
-0.857138, -1.802893

-0.432750, -0.901514
-0.336268, -1.896849

-0.485335, -0.874328
0.091843, -1.690946

-0.532155, -0.846647
0.340509, -1.334969

-0.574012, -0.818847
0.418238, -0.943107

-0.611567, -0.791192
0.365691, -0.579142

-0.645360, -0.763879
0.224991, -0.271447

-0.675827, -0.737060
0.029966, -0.028642

-0.703330, -0.710864
-0.194781, 0.150170

-0.728168, -0.685399
-0.432078, 0.269761

-0.750592, -0.660766
-0.670015, 0.335983

-0.770817, -0.637057
-0.900134, 0.354546

-0.789024, -0.614362
-1.116086, 0.330640

-0.805373, -0.592768
-1.312717, 0.268976

-0.820004, -0.572358
-1.485500, 0.174043

-0.833039, -0.553214
-1.630260, 0.050474

-0.844590, -0.535414
-1.743161, -0.096586

-0.854757, -0.519029
-1.820938, -0.261167

-0.863633, -0.504121
-1.861332, -0.436324

-0.871307, -0.490739
-1.863651, -0.614239

-0.877863, -0.478913
-1.829334, -0.786650

-0.883384, -0.468650
-1.762315, -0.945600

-0.887954, -0.459933
-1.669005, -1.084400

-0.891658, -0.452710
-1.557767, -1.198564

-0.894584, -0.446900
-1.437931, -1.286408

-0.896823, -0.442390
-1.318562, -1.349108

-0.898467, -0.439041
-1.207334, -1.390146

-0.899611, -0.436692
-1.109790, -1.414355

-0.900347, -0.435173
-1.029124, -1.426846

-0.900764, -0.434310
-0.966417, -1.432152

-0.900944, -0.433935
-0.921141, -1.433731

-0.900962, -0.433897
-0.891716, -1.433855

-0.900884, -0.434061
-0.876011, -1.433751

-0.900763, -0.434311
-0.871709, -1.433889

-0.900645, -0.434557
-0.876551, -1.434266

-0.900564, -0.434724
-0.888478, -1.434651

-0.900547, -0.434759
-0.905706, -1.434745

-0.900614, -0.434620
-0.926755, -1.434278

-0.900778, -0.434280
-0.950435, -1.433046

-0.901048, -0.433720
-0.975833, -1.430920

-0.901428, -0.432928
-1.002273, -1.427830

-0.901923, -0.431897
-1.029285, -1.423754

-0.902532, -0.430624
-1.056562, -1.418690

-0.903254, -0.429105
-1.083933, -1.412647

-0.904090, -0.427341
-1.111331, -1.405631

-0.905038, -0.425330
-1.138770, -1.397631

-0.906097, -0.423070
-1.166322, -1.388618

-0.907266, -0.420558
-1.194106, -1.378537

-0.908544, -0.417789
-1.222270, -1.367303

-0.909932, -0.414757
-1.250985, -1.354801

-0.911431, -0.411452
-1.280434, -1.340880

-0.913043, -0.407863
-1.310809, -1.325350

-0.914769, -0.403977
-1.342299, -1.307978

-0.916613, -0.399775
-1.375088, -1.288483

-0.918579, -0.395238
-1.409346, -1.266529

-0.920670, -0.390343
-1.445222, -1.241721

-0.922891, -0.385061
-1.482833, -1.213593

-0.925248, -0.379362
-1.522249, -1.181602

-0.927747, -0.373210
-1.563477, -1.145121

-0.930393, -0.366564
-1.606434, -1.103428

-0.933192, -0.359379
-1.650920, -1.055702

-0.936148, -0.351605
-1.696574, -1.001030

-0.939268, -0.343183
-1.742823, -0.938415

-0.942555, -0.334051
-1.788822, -0.866810

-0.946009, -0.324139
-1.833386, -0.785185

-0.949631, -0.313371
-1.874918, -0.692637

-0.953414, -0.301666
-1.911370, -0.588579

-0.957347, -0.288940
-1.940259, -0.473018

-0.961413, -0.275108
-1.958829, -0.346948

-0.965583, -0.260096
-1.964466, -0.212847

-0.969814, -0.243847
-1.955485, -0.075171

-0.974048, -0.226343
-1.932378, 0.059318

-0.978207, -0.207632
-1.899302, 0.181706

-0.982197, -0.187856
-1.865097, 0.281705

-0.985908, -0.167289
-1.842474, 0.348747

-0.989232, -0.146358
-1.844054, 0.372562

-0.992078, -0.125624
-1.875446, 0.343055

-0.994395, -0.105733
-1.928458, 0.251373

-0.996180, -0.087326
-1.979510, 0.094504

-0.997479, -0.070959
-1.996355, -0.118370

-0.998371, -0.057052
-1.950239, -0.363561

-0.998947, -0.045886
-1.826250, -0.607642

-0.999292, -0.037625
-1.626795, -0.816239

-0.999477, -0.032344
-1.368679, -0.961693

-0.999548, -0.030066
-1.077302, -1.027039

-0.999526, -0.030781
-0.780993, -1.006610

-0.999406, -0.034459
-0.506763, -0.904691

-0.999157, -0.041063
-0.277570, -0.733388

-0.998721, -0.050552
-0.110702, -0.510357

-0.998021, -0.062880
-0.016966, -0.256609

-0.996954, -0.077997
-0.000451, 0.005566

-0.995396, -0.095849
-0.058779, 0.254505

-0.993206, -0.116372
-0.183810, 0.470892

-0.990223, -0.139493
-0.362766, 0.639158

-0.986273, -0.165125
-0.579671, 0.748480

-0.981166, -0.193166
-0.816988, 0.793265

-0.974705, -0.223494
-1.057264, 0.773092

-0.966685, -0.255969
-1.284598, 0.692151

-0.956896, -0.290430
-1.485773, 0.558268

-0.945130, -0.326693
-1.650941, 0.381707

-0.931182, -0.364554
-1.773837, 0.173900

-0.914853, -0.403787
-1.851568, -0.053696

-0.895953, -0.444148
-1.884080, -0.290505

-0.874306, -0.485375
-1.873422, -0.527421

-0.849747, -0.527190
-1.822965, -0.757075

-0.822126, -0.569305
-1.736662, -0.973809

-0.791307, -0.611420
-1.618447, -1.173415

-0.757164, -0.653225
-1.471809, -1.352712

-0.719584, -0.694405
-1.299576, -1.509027

-0.678460, -0.734637
-1.103922, -1.639614

-0.633690, -0.773587
-0.886616, -1.741073

-0.585171, -0.810910
-0.649584, -1.808834

-0.532798, -0.846242
-0.395841, -1.836819

-0.476468, -0.879192
-0.130861, -1.817571

-0.416079, -0.909329
0.135704, -1.743317

-0.351546, -0.936170
0.388512, -1.608713

-0.282838, -0.959168
0.606794, -1.415845

-0.210030, -0.977695
0.769148, -1.180701

-0.133398, -0.991063
0.865134, -0.936891

-0.053550, -0.998565
0.909576, -0.729514

0.028468, -0.999595
0.944383, -0.598223

0.111166, -0.993802
1.014175, -0.564182

0.192817, -0.981235
1.130015, -0.632439

0.271804, -0.962353
1.257551, -0.794120

0.346916, -0.937896
1.343596, -1.019321

0.417439, -0.908705
1.353380, -1.260860

0.483069, -0.875583
1.284629, -1.473496

0.543772, -0.839233
1.157018, -1.629125

0.599664, -0.800252
0.995994, -1.718360

0.650923, -0.759144
0.822991, -1.744229

0.697755, -0.716337
0.652641, -1.715319

0.740361, -0.672209
0.493660, -1.641301

0.778939, -0.627099
0.350774, -1.530800

0.813676, -0.581318
0.226481, -1.390763

0.844753, -0.535157
0.122309, -1.226587

0.872344, -0.488893
0.039604, -1.042557

0.896626, -0.442790
-0.020075, -0.842364

0.917776, -0.397099
-0.054819, -0.629607

0.935977, -0.352062
-0.062445, -0.408223

0.951416, -0.307907
-0.040729, -0.182816

0.964290, -0.264849
0.012253, 0.041135

0.974799, -0.223086
0.097702, 0.257228

0.983150, -0.182802
0.215646, 0.458243

0.989554, -0.144161
0.364527, 0.636442

0.994226, -0.107310
0.540873, 0.784022

0.997377, -0.072375
0.739142, 0.893707

0.999221, -0.039466
0.951755, 0.959407

0.999962, -0.008670
1.169379, 0.976874

0.999801, 0.019938
1.381418, 0.944259

0.998927, 0.046303
1.576699, 0.862502

0.997520, 0.070384
1.744266, 0.735493

0.995745, 0.092150
1.874200, 0.569975

0.993755, 0.111582
1.958384, 0.375195

0.991688, 0.128669
1.991120, 0.162357

0.989664, 0.143404
1.969567, -0.056071

0.987791, 0.155785
1.893964, -0.267123

0.986158, 0.165810
1.767648, -0.458107

0.984838, 0.173477
1.596913, -0.617323

0.983889, 0.178782
1.390718, -0.734723

0.983351, 0.181718
1.160314, -0.802499

0.983247, 0.182277
0.918771, -0.815642

0.983585, 0.180446
0.680397, -0.772485

0.984352, 0.176214
0.459951, -0.675257

0.985517, 0.169578
0.271534, -0.530585

0.987028, 0.160548
0.127036, -0.349759

0.988813, 0.149160
0.034110, -0.148401

0.990778, 0.135494
-0.005969, 0.054899

0.992811, 0.119692
0.000227, 0.241255

0.994787, 0.101972
0.038691, 0.395023

0.996580, 0.082637
0.091022, 0.506860

0.998072, 0.062067
0.139450, 0.574676

0.999172, 0.040682
0.171597, 0.602036

0.999821, 0.018902
0.182682, 0.595341

0.999996, -0.002900
0.174574, 0.561617

0.999702, -0.024426
0.152946, 0.507556

0.998966, -0.045466
0.124323, 0.439302

0.997827, -0.065890
0.094158, 0.362341

0.996327, -0.085633
0.066091, 0.281330

0.994506, -0.104679
0.042036, 0.199952

0.992401, -0.123043
0.022611, 0.120898

0.990044, -0.140761
0.007632, 0.045966

0.987458, -0.157882
-0.003508, -0.023767

0.984665, -0.174458
-0.011570, -0.087762

0.981679, -0.190544
-0.017322, -0.145856

0.978511, -0.206194
-0.021456, -0.198132

0.975170, -0.221459
-0.024558, -0.244816

0.971658, -0.236390
-0.027100, -0.286216

0.967979, -0.251031
-0.029452, -0.322669

0.964131, -0.265425
-0.031892, -0.354519

0.960113, -0.279613
-0.034622, -0.382092

0.955920, -0.293629
-0.037782, -0.405688

0.951546, -0.307507
-0.041459, -0.425579

0.946984, -0.321280
-0.045702, -0.442002

0.942227, -0.334975
-0.050525, -0.455160

0.937264, -0.348619
-0.055914, -0.465224

0.932086, -0.362237
-0.061835, -0.472336

0.926680, -0.375852
-0.068232, -0.476604

0.921032, -0.389486
-0.075033, -0.478112

0.915130, -0.403159
-0.082147, -0.476916

0.908956, -0.416891
-0.089466, -0.473047

0.902495, -0.430700
-0.096863, -0.466517

0.895728, -0.444603
-0.104191, -0.457314

0.888634, -0.458618
-0.111279, -0.445413

0.881191, -0.472760
-0.117927, -0.430776

0.873376, -0.487046
-0.123905, -0.413357

0.865163, -0.501491
-0.128947, -0.393114

0.856522, -0.516110
-0.132749, -0.370018

0.847424, -0.530916
-0.134964, -0.344065

0.837836, -0.545922
-0.135208, -0.315300

0.827721, -0.561141
-0.133061, -0.283836

0.817040, -0.576580
-0.128088, -0.249882

0.805755, -0.592249
-0.119854, -0.213768

0.793822, -0.608150
-0.107966, -0.175972

0.781199, -0.624282
-0.092119, -0.137132

0.767843, -0.640638
-0.072150, -0.098041

0.753711, -0.657206
-0.048098, -0.059626

0.738765, -0.673963
-0.020242, -0.022881

0.722970, -0.690879
0.010881, 0.011210

0.706297, -0.707915
0.044504, 0.041771

0.688724, -0.725024
0.079706, 0.068133

0.670234, -0.742150
0.115528, 0.089896

0.650819, -0.759233
0.151101, 0.106955

0.630475, -0.776209
0.185773, 0.119469

0.609203, -0.793014
0.219192, 0.127796

0.587003, -0.809584
0.251341, 0.132398

0.563878, -0.825858
0.282527, 0.133747

0.539822, -0.841779
0.313325, 0.132233

0.514830, -0.857292
0.344514, 0.128097

0.488885, -0.872348
0.376996, 0.121373

0.461966, -0.886898
0.411727, 0.111839

0.434039, -0.900894
0.449658, 0.098984

0.405064, -0.914288
0.491676, 0.081954

0.374988, -0.927030
0.538544, 0.059504

0.343748, -0.939062
0.590830, 0.029933

0.311269, -0.950322
0.648794, -0.009006

0.277462, -0.960737
0.712228, -0.060193

0.242224, -0.970220
0.780192, -0.127255

0.205436, -0.978671
0.850615, -0.214639

0.166956, -0.985964
0.919680, -0.327628

0.126622, -0.991951
0.980905, -0.472142

0.084243, -0.996445
1.023817, -0.654100

0.039592, -0.999216
1.032199, -0.877843

-0.007595, -0.999971
0.982159, -1.142754

-0.057631, -0.998338
0.841171, -1.436694

-0.110875, -0.993834
0.571482, -1.724853

-0.167731, -0.985833
0.145639, -1.935464

-0.228600, -0.973521
-0.414535, -1.956082

-0.293758, -0.955880
-0.981674, -1.681670

-0.363050, -0.931770
-1.337931, -1.154498

-0.435300, -0.900285
-1.404663, -0.654651

-0.507714, -0.861526
-1.425141, -0.463623

-0.576311, -0.817230
-1.564566, -0.664415

-0.637807, -0.770196
-1.556082, -1.166139

-0.690945, -0.722907
-1.165876, -1.602930

-0.736093, -0.676881
-0.580888, -1.664763

-0.774270, -0.632855
-0.098233, -1.369722

-0.806571, -0.591137
0.145359, -0.897450

-0.833956, -0.551832
0.155509, -0.407056

-0.857213, -0.514962
-0.006375, 0.010466

-0.876982, -0.480522
-0.273912, 0.317166

-0.893781, -0.448503
-0.592929, 0.505167

-0.908031, -0.418903
-0.923237, 0.580981

-0.920080, -0.391732
-1.235700, 0.557154

-0.930216, -0.367011
-1.508852, 0.448575

-0.938684, -0.344778
-1.726376, 0.271291

-0.945687, -0.325078
-1.875673, 0.042515

-0.951396, -0.307969
-1.947425, -0.218936

-0.955954, -0.293516
-1.936001, -0.492285

-0.959477, -0.281787
-1.840489, -0.754880

-0.962056, -0.272853
-1.666045, -0.983063

-0.963757, -0.266780
-1.425084, -1.154011

-0.964625, -0.263627
-1.137721, -1.248532

-0.964677, -0.263434
-0.830813, -1.254434

-0.963913, -0.266219
-0.535150, -1.169636

-0.962307, -0.271966
-0.280920, -1.003890

-0.959819, -0.280621
-0.092319, -0.778059

-0.956393, -0.292083
0.017155, -0.520567

-0.951968, -0.306198
0.047043, -0.261728

-0.946481, -0.322759
0.008990, -0.027675

-0.939879, -0.341508
-0.077129, 0.164122

-0.932122, -0.362143
-0.188484, 0.306438

-0.923197, -0.384327
-0.304080, 0.400972

-0.913115, -0.407701
-0.407756, 0.455208

-0.901920, -0.431904
-0.489108, 0.478912

-0.889683, -0.456579
-0.542876, 0.481357

-0.876503, -0.481396
-0.567642, 0.469711

-0.862502, -0.506053
-0.564492, 0.448510

-0.847818, -0.530288
-0.536005, 0.419856

-0.832597, -0.553880
-0.485611, 0.383991

-0.816993, -0.576648
-0.417238, 0.339974

-0.801158, -0.598452
-0.335119, 0.286311

-0.785242, -0.619189
-0.243659, 0.221458

-0.769387, -0.638783
-0.147322, 0.144183

-0.753727, -0.657188
-0.050509, 0.053787

-0.738386, -0.674379
0.042564, -0.049785

-0.723478, -0.690347
0.127980, -0.165924

-0.709109, -0.705099
0.202212, -0.293402

-0.695373, -0.718649
0.262195, -0.430443

-0.682358, -0.731019
0.305369, -0.574823

-0.670140, -0.742235
0.329693, -0.723962

-0.658791, -0.752326
0.333654, -0.875019

-0.648376, -0.761320
0.316244, -1.024964

-0.638955, -0.769244
0.276947, -1.170646

-0.630582, -0.776123
0.215715, -1.308834

-0.623309, -0.781975
0.132947, -1.436251

-0.617186, -0.786817
0.029483, -1.549588

-0.612259, -0.790657
-0.093389, -1.645511

-0.608575, -0.793497
-0.233914, -1.720658

-0.606180, -0.795328
-0.389808, -1.771638

-0.605122, -0.796133
-0.558177, -1.795031

-0.605449, -0.795884
-0.735383, -1.787407

-0.607214, -0.794539
-0.916852, -1.745393

-0.610471, -0.792039
-1.096825, -1.665801

-0.615280, -0.788309
-1.268026, -1.545885

-0.621706, -0.783251
-1.421289, -1.383807

-0.629819, -0.776742
-1.545159, -1.179425

-0.639696, -0.768628
-1.625660, -0.935585

-0.651415, -0.758722
-1.646538, -0.660081

-0.665057, -0.746792
-1.590682, -0.368349

-0.680694, -0.732568
-1.443897, -0.086408

-0.698374, -0.715733
-1.202510, 0.147891

-0.718084, -0.695957
-0.885035, 0.290008

-0.739698, -0.672940
-0.542482, 0.307421

-0.762881, -0.646539
-0.251509, 0.212820

-0.786984, -0.616974
-0.076959, 0.087203

-0.810998, -0.585050
-0.036396, 0.047399

-0.833698, -0.552221
-0.130948, 0.159216

-0.854000, -0.520274
-0.391539, 0.366366

-0.871268, -0.490807
-0.819977, 0.507876

-0.885363, -0.464900
-1.312563, 0.439258

-0.896469, -0.443107
-1.709887, 0.138571

-0.904897, -0.425630
-1.897598, -0.305025

-0.910970, -0.412472
-1.846641, -0.765346

-0.914960, -0.403544
-1.595782, -1.135994

-0.917071, -0.398724
-1.218821, -1.352111

-0.917439, -0.397877
-0.798458, -1.390774

-0.916136, -0.400867
-0.409915, -1.263271

-0.913180, -0.407556
-0.111613, -1.005461

-0.908538, -0.417801
0.059637, -0.668076

-0.902138, -0.431448
0.090139, -0.307401

-0.893870, -0.448326
-0.012075, 0.023307

-0.883600, -0.468242
-0.221284, 0.280983

-0.871175, -0.490973
-0.500196, 0.437668

-0.856427, -0.516267
-0.807129, 0.482517

-0.839190, -0.543838
-1.102956, 0.420749

-0.819302, -0.573362
-1.356533, 0.270073

-0.796616, -0.604486
-1.547797, 0.055611

-0.771011, -0.636822
-1.668308, -0.195396

-0.742396, -0.669961
-1.719674, -0.457999

-0.710720, -0.703475
-1.710680, -0.712408

-0.675974, -0.736926
-1.654052, -0.945165

-0.638195, -0.769875
-1.563576, -1.148912

-0.597464, -0.801896
-1.452010, -1.321271

-0.553908, -0.832578
-1.329872, -1.463355

-0.507691, -0.861540
-1.204986, -1.578323

-0.459010, -0.888431
-1.082557, -1.670217

-0.408088, -0.912943
-0.965531, -1.743158

-0.355164, -0.934804
-0.855068, -1.800885

-0.300487, -0.953786
-0.750987, -1.846562

-0.244304, -0.969699
-0.652157, -1.882747

-0.186857, -0.982387
-0.556777, -1.911451

-0.128372, -0.991726
-0.462584, -1.934224

-0.069058, -0.997613
-0.366968, -1.952207

-0.009102, -0.999959
-0.267043, -1.966119

0.051333, -0.998682
-0.159657, -1.976170

0.112107, -0.993696
-0.041404, -1.981843

0.173106, -0.984903
0.091337, -1.981555

0.234232, -0.972181
0.242235, -1.972149

0.295404, -0.955373
0.414544, -1.948250

0.356544, -0.934279
0.610106, -1.901598

0.417567, -0.908646
0.827459, -1.820780

0.478355, -0.878167
1.058923, -1.692378

0.538721, -0.842485
1.287449, -1.505362

0.598348, -0.801236
1.486581, -1.260630

0.656710, -0.754143
1.629968, -0.983858

0.712981, -0.701184
1.712553, -0.730419

0.766011, -0.642828
1.763226, -0.568256

0.814474, -0.580200
1.813922, -0.546975

0.857219, -0.514952
1.844553, -0.673607

0.893618, -0.448829
1.788349, -0.895435

0.923646, -0.383246
1.605800, -1.114454

0.947715, -0.319117
1.324701, -1.245336

0.966430, -0.256932
1.008392, -1.256051

0.980424, -0.196896
0.711943, -1.160181

0.990285, -0.139056
0.465453, -0.990262

0.996518, -0.083376
0.277789, -0.778666

0.999556, -0.029786
0.145575, -0.550090

0.999762, 0.021798
0.060292, -0.320832

0.997444, 0.071459
0.012345, -0.100534

0.992861, 0.119278
-0.007047, 0.105743

0.986239, 0.165326
-0.005208, 0.295834

0.977773, 0.209667
0.012064, 0.469295

0.967633, 0.252361
0.040315, 0.626634

0.955972, 0.293457
0.076191, 0.768835

0.942926, 0.333002
0.117201, 0.897075

0.928618, 0.371036
0.161517, 1.012563

0.913161, 0.407598
0.207808, 1.116454

0.896659, 0.442722
0.255110, 1.209804

0.879208, 0.476438
0.302736, 1.293555

0.860898, 0.508777
0.350196, 1.368535

0.841814, 0.539768
0.397144, 1.435463

0.822035, 0.569437
0.443336, 1.494958

0.801636, 0.597812
0.488600, 1.547554

0.780690, 0.624919
0.532812, 1.593711

0.759263, 0.650784
0.575881, 1.633826

0.737420, 0.675434
0.617736, 1.668246

0.715223, 0.698896
0.658317, 1.697276

0.692730, 0.721197
0.697570, 1.721185

0.669997, 0.742364
0.735441, 1.740220

0.647076, 0.762426
0.771875, 1.754608

0.624016, 0.781411
0.806818, 1.764561

0.600866, 0.799349
0.840207, 1.770285

0.577670, 0.816270
0.871982, 1.771980

0.554469, 0.832204
0.902077, 1.769844

0.531303, 0.847182
0.930427, 1.764079

0.508207, 0.861235
0.956965, 1.754888

0.485216, 0.874394
0.981627, 1.742482

0.462362, 0.886692
1.004350, 1.727077

0.439671, 0.898159
1.025077, 1.708899

0.417171, 0.908828
1.043756, 1.688181

0.394883, 0.918731
1.060341, 1.665167

0.372830, 0.927900
1.074797, 1.640109

0.351028, 0.936365
1.087097, 1.613272

0.329493, 0.944158
1.097226, 1.584927

0.308237, 0.951310
1.105184, 1.555358

0.287270, 0.957850
1.110983, 1.524856

0.266598, 0.963808
1.114651, 1.493720

0.246226, 0.969212
1.116231, 1.462256

0.226155, 0.974091
1.115784, 1.430776

0.206383, 0.978471
1.113387, 1.399595

0.186907, 0.982378
1.109133, 1.369030

0.167718, 0.985835
1.103130, 1.339394

0.148807, 0.988866
1.095501, 1.311001

0.130161, 0.991493
1.086378, 1.284152

0.111763, 0.993735
1.075900, 1.259141

0.093596, 0.995610
1.064211, 1.236247

0.075639, 0.997135
1.051454, 1.215732

0.057867, 0.998324
1.037762, 1.197837

0.040256, 0.999189
1.023259, 1.182777

0.022777, 0.999741
1.008048, 1.170742

0.005402, 0.999985
0.992208, 1.161890

-0.011901, 0.999929
0.975790, 1.156347

-0.029163, 0.999575
0.958809, 1.154202

-0.046418, 0.998922
0.941246, 1.155507

-0.063698, 0.997969
0.923043, 1.160275

-0.081035, 0.996711
0.904103, 1.168478

-0.098462, 0.995141
0.884295, 1.180045

-0.116010, 0.993248
0.863455, 1.194864

-0.133708, 0.991021
0.841393, 1.212780

-0.151585, 0.988444
0.817899, 1.233598

-0.169666, 0.985502
0.792750, 1.257083

-0.187973, 0.982174
0.765717, 1.282964

-0.206529, 0.978440
0.736575, 1.310937

-0.225350, 0.974278
0.705111, 1.340669

-0.244451, 0.969662
0.671127, 1.371803

-0.263842, 0.964566
0.634450, 1.403964

-0.283532, 0.958963
0.594937, 1.436763

-0.303524, 0.952824
0.552473, 1.469806

-0.323819, 0.946119
0.506979, 1.502693

-0.344415, 0.938818
0.458410, 1.535033

-0.365304, 0.930888
0.406756, 1.566438

-0.386478, 0.922299
0.352039, 1.596534

-0.407923, 0.913016
0.294311, 1.624963

-0.429622, 0.903009
0.233655, 1.651383

-0.451556, 0.892243
0.170176, 1.675472

-0.473702, 0.880685
0.104002, 1.696931

-0.496034, 0.868303
0.035279, 1.715479

-0.518521, 0.855065
-0.035832, 1.730856

-0.541133, 0.840937
-0.109161, 1.742824

-0.563834, 0.825888
-0.184528, 1.751159

-0.586586, 0.809887
-0.261749, 1.755657

-0.609348, 0.792903
-0.340640, 1.756125

-0.632076, 0.774906
-0.421014, 1.752379

-0.654725, 0.755867
-0.502690, 1.744242

-0.677245, 0.735758
-0.585487, 1.731539

-0.699584, 0.714550
-0.669232, 1.714089

-0.721689, 0.692217
-0.753754, 1.691703

-0.743502, 0.668734
-0.838885, 1.664174

-0.764964, 0.644073
-0.924458, 1.631272

-0.786013, 0.618211
-1.010303, 1.592733

-0.806582, 0.591122
-1.096240, 1.548252

-0.826605, 0.562783
-1.182069, 1.497473

-0.846009, 0.533169
-1.267561, 1.439973

-0.864719, 0.502255
-1.352440, 1.375255

-0.882657, 0.470017
-1.436358, 1.302733

-0.899739, 0.436429
-1.518870, 1.221716

-0.915876, 0.401462
-1.599387, 1.131401

-0.930973, 0.365087
-1.677128, 1.030860

-0.944930, 0.327273
-1.751041, 0.919038

-0.957635, 0.287985
-1.819712, 0.794762

-0.968969, 0.247183
-1.881238, 0.656775

-0.978799, 0.204824
-1.933058, 0.503804

-0.986977, 0.160860
-1.971751, 0.334699

-0.993338, 0.115233
-1.992779, 0.148678

-0.997693, 0.067882
-1.990208, -0.054246

-0.999824, 0.018735
-1.956456, -0.272566

-0.999479, -0.032288
-1.882210, -0.502166

-0.996358, -0.085271
-1.756812, -0.734663

-0.990108, -0.140306
-1.569717, -0.955200

-0.980308, -0.197475
-1.314020, -1.140150

-0.966455, -0.256837
-0.993225, -1.256478

-0.947960, -0.318388
-0.631240, -1.266908

-0.924165, -0.381994
-0.280262, -1.147101

-0.894400, -0.447268
-0.010868, -0.915640

-0.858139, -0.513417
0.131932, -0.653984

-0.815252, -0.579106
0.179256, -0.474443

-0.766252, -0.642540
0.214983, -0.449725

-0.712300, -0.701875
0.280960, -0.585972

-0.654862, -0.755749
0.341503, -0.840932

-0.595263, -0.803531
0.345345, -1.143025

-0.534464, -0.845191
0.281716, -1.422989

-0.473063, -0.881029
0.175316, -1.642346

-0.411402, -0.911454
0.057866, -1.794510

-0.349666, -0.936874
-0.048165, -1.890340

-0.287957, -0.957643
-0.131728, -1.945364

-0.226338, -0.974049
-0.189825, -1.973382

-0.164860, -0.986317
-0.223853, -1.984575

-0.103579, -0.994621
-0.237158, -1.985659

-0.042564, -0.999094
-0.233713, -1.980655

0.018094, -0.999836
-0.217513, -1.971685

0.078281, -0.996931
-0.192375, -1.959608

0.137856, -0.990452
-0.161893, -1.944470

0.196655, -0.980473
-0.129474, -1.925798

0.254484, -0.967077
-0.098350, -1.902763

0.311132, -0.950367
-0.071574, -1.874237

0.366367, -0.930471
-0.051948, -1.838773

0.419944, -0.907550
-0.041902, -1.794510

0.471616, -0.881804
-0.043281, -1.739056

0.521135, -0.853474
-0.057050, -1.669380

0.568268, -0.822844
-0.082896, -1.581781

0.612800, -0.790238
-0.118748, -1.472028

0.654547, -0.756021
-0.160261, -1.335752

0.693361, -0.720590
-0.200370, -1.169193

0.729138, -0.684367
-0.229102, -0.970331

0.761820, -0.647789
-0.233889, -0.740335

0.791396, -0.611303
-0.200612, -0.485131

0.817907, -0.575350
-0.115556, -0.216677

0.841435, -0.540358
0.031800, 0.046575

0.862103, -0.506734
0.245527, 0.280562

0.880064, -0.474856
0.520230, 0.458161

0.895497, -0.445068
0.839193, 0.553346

0.908595, -0.417677
1.174527, 0.546315

0.919558, -0.392954
1.489793, 0.428528

0.928580, -0.371131
1.744943, 0.206409

0.935846, -0.352408
1.902769, -0.097340

0.941521, -0.336956
1.935632, -0.445320

0.945742, -0.324920
1.831147, -0.789740

0.948616, -0.316429
1.595865, -1.078707

0.950213, -0.311602
1.256466, -1.263552

0.950557, -0.310552
0.858488, -1.306304

0.949623, -0.313394
0.462799, -1.186894

0.947333, -0.320250
0.139722, -0.909966

0.943543, -0.331249
-0.040139, -0.511166

0.938042, -0.346520
-0.020440, -0.061367

0.930547, -0.366173
0.218904, 0.336369

0.920711, -0.390245
0.635332, 0.568169

0.908166, -0.418609
1.111940, 0.560409

0.892621, -0.450809
1.497722, 0.345340

0.874030, -0.485872
1.704392, 0.071351

0.852791, -0.522252
1.756815, -0.094770

0.829780, -0.558090
1.708882, -0.081457

0.806115, -0.591759
1.558764, 0.066663

0.782806, -0.622266
1.291102, 0.238917

0.760560, -0.649267
0.938556, 0.334764

0.739779, -0.672850
0.567661, 0.312226

0.720647, -0.693302
0.236931, 0.181923

0.703223, -0.710969
-0.021716, -0.022157

0.687496, -0.726188
-0.199614, -0.264630

0.673424, -0.739257
-0.301748, -0.517806

0.660951, -0.750429
-0.338971, -0.762967

0.650017, -0.759920
-0.323461, -0.988698

0.640567, -0.767902
-0.266582, -1.188712

0.632547, -0.774522
-0.178115, -1.360037

0.625909, -0.779896
-0.066162, -1.501726

0.620611, -0.784119
0.062671, -1.614000

0.616615, -0.787265
0.203003, -1.697718

0.613886, -0.789395
0.350407, -1.754060

0.612396, -0.790552
0.501177, -1.784348

0.612115, -0.790768
0.652131, -1.789968

0.613020, -0.790067
0.800462, -1.772343

0.615087, -0.788459
0.943630, -1.732948

0.618292, -0.785949
1.079288, -1.673351

0.622610, -0.782532
1.205249, -1.595263

0.628017, -0.778200
1.319480, -1.500611

0.634483, -0.772937
1.420146, -1.391592

0.641976, -0.766725
1.505675, -1.270733

0.650456, -0.759544
1.574876, -1.140921

0.659877, -0.751374
1.627072, -1.005409

0.670181, -0.742198
1.662266, -0.867766

0.681299, -0.732005
1.681299, -0.731781

0.693150, -0.720793
1.685987, -0.601315

0.705635, -0.708576
1.679185, -0.480105

0.718636, -0.695387
1.664759, -0.371579

0.732019, -0.681284
1.647406, -0.278710

0.745630, -0.666360
1.632324, -0.204003

0.759299, -0.650742
1.624695, -0.149652

0.772841, -0.634599
1.628999, -0.117885

0.786062, -0.618148
1.648164, -0.111412

0.798765, -0.601643
1.682564, -0.133774

0.810760, -0.585379
1.728963, -0.189270

0.821868, -0.569679
1.779628, -0.282110

0.831932, -0.554878
1.822050, -0.414642

0.840822, -0.541311
1.839873, -0.584867

0.848437, -0.529296
1.815433, -0.784088

0.854703, -0.519117
1.733736, -0.995878

0.859574, -0.511012
1.586846, -1.197361

0.863019, -0.505171
1.377099, -1.362913

0.865025, -0.501729
1.117805, -1.469253

0.865581, -0.500770
0.831097, -1.500175

0.864675, -0.502331
0.543746, -1.449435

0.862291, -0.506414
0.282439, -1.321136

0.858398, -0.512984
0.069895, -1.128014

0.852954, -0.521987
-0.077425, -0.888588

0.845894, -0.533351
-0.149971, -0.624197

0.837137, -0.546994
-0.144579, -0.356643

0.826575, -0.562827
-0.063361, -0.106740

0.814075, -0.580760
0.087430, 0.106253

0.799472, -0.600703
0.298117, 0.264539

0.782567, -0.622566
0.555651, 0.351348

0.763116, -0.646261
0.842727, 0.350565

0.740823, -0.671701
1.135821, 0.246981

0.715324, -0.698793
1.402034, 0.028138

0.686172, -0.727439
1.595138, -0.310568

0.652815, -0.757517
1.652811, -0.754784

0.614565, -0.788866
1.501339, -1.251069

0.570575, -0.821245
1.082872, -1.680054

0.519842, -0.854263
0.427314, -1.849973

0.461301, -0.887244
-0.248725, -1.591419

0.394208, -0.919021
-0.601993, -1.006099

0.319024, -0.947747
-0.589140, -0.529131

0.238526, -0.971136
-0.613194, -0.447139

0.157493, -0.987520
-0.819430, -0.773926

0.080285, -0.996772
-0.843760, -1.379056

0.009101, -0.999959
-0.480086, -1.872137

-0.055659, -0.998450
0.051682, -1.992672

-0.114427, -0.993432
0.488561, -1.791182

-0.167864, -0.985810
0.728008, -1.430121

-0.216619, -0.976256
0.781460, -1.038203

-0.261257, -0.965269
0.698616, -0.684834

-0.302248, -0.953229
0.529178, -0.397595

-0.339982, -0.940432
0.311385, -0.181669

-0.374776, -0.927115
0.071618, -0.032279

-0.406894, -0.913476
-0.172892, 0.058761

-0.436552, -0.899679
-0.411199, 0.100000

-0.463933, -0.885870
-0.636391, 0.099147

-0.489189, -0.872178
-0.844009, 0.062757

-0.512446, -0.858719
-1.031001, -0.003675

-0.533814, -0.845602
-1.195069, -0.095440

-0.553387, -0.832924
-1.334298, -0.208282

