1.570796, 5.477226
1.625541, 5.468995
1.680122, 5.444518
1.734380, 5.404732
1.788171, 5.351306
1.841368, 5.286440
1.893870, 5.212618
1.945599, 5.132364
1.996504, 5.048042
2.046553, 4.961734
2.095738, 4.875174
2.144061, 4.789741
2.191540, 4.706484
2.238200, 4.626165
2.284075, 4.549307
2.329199, 4.476247
2.373613, 4.407175
2.417356, 4.342169
2.460470, 4.281231
2.502994, 4.224303
2.544969, 4.171292
2.586433, 4.122075
2.627423, 4.076518
2.667975, 4.034477
2.708123, 3.995805
2.747902, 3.960358
2.787341, 3.927994
2.826471, 3.898577
2.865322, 3.871977
2.903920, 3.848073
2.942292, 3.826749
2.980463, 3.807897
3.018458, 3.791417
3.056299, 3.777215
3.094009, 3.765204
3.131610, 3.755302
3.169122, 3.747431
3.206565, 3.741519
3.243959, 3.737498
3.281321, 3.735298
3.318671, 3.734853
3.356024, 3.736097
3.393398, 3.738960
3.430808, 3.743368
3.468270, 3.749241
3.505798, 3.756488
3.543404, 3.765008
3.581102, 3.774682
3.618901, 3.785375
3.656812, 3.796924
3.694842, 3.809141
3.732996, 3.821809
3.771279, 3.834674
3.809690, 3.847450
3.848226, 3.859823
3.886883, 3.871452
3.925652, 3.881990
3.964519, 3.891105
4.003468, 3.898513
4.042482, 3.904021
4.081542, 3.907579
4.120628, 3.909329
4.159724, 3.909661
4.198819, 3.909235
4.237909, 3.908989
4.277003, 3.910104
4.316120, 3.913942
4.355296, 3.921951
4.394578, 3.935567
4.434030, 3.956117
4.473727, 3.984761
4.513756, 4.022455
4.554209, 4.069965
4.595190, 4.127898
4.636804, 4.196767
4.679163, 4.277057
4.722385, 4.369303
4.766591, 4.474167
4.811913, 4.592506
4.858490, 4.725456
4.906476, 4.874516
4.956040, 5.041644
5.007377, 5.229384
5.060708, 5.441026
5.116291, 5.680820
5.174436, 5.954262
5.235512, 6.268472
5.299972, 6.632677
5.368371, 7.058761
5.441402, 7.561679
5.519920, 8.159070
5.604957, 8.867978
5.697672, 9.693075
5.799086, 10.594328
5.909343, 11.424687
6.026383, 11.897476
6.145219, 11.765521
6.259911, 11.110503
6.366719, 10.238797
6.464758, 9.382504
6.554736, 8.633512
6.637838, 8.006386
6.715229, 7.488625
6.787914, 7.062237
6.856723, 6.710760
6.922334, 6.420848
6.985310, 6.182140
7.046121, 5.986720
7.105168, 5.828564
7.162801, 5.703075
7.219327, 5.606720
7.275023, 5.536741
7.330142, 5.490922
7.384916, 5.467390
7.439559, 5.464440
7.494268, 5.480375
7.549223, 5.513352
7.604584, 5.561235
7.660489, 5.621479
7.717045, 5.691040
7.774329, 5.766350
7.832378, 5.843369
7.891187, 5.917748
7.950709, 5.985077
8.010852, 6.041228
8.071485, 6.082725
8.132449, 6.107065
8.193564, 6.112939
8.254646, 6.100295
8.315512, 6.070233
8.375999, 6.024769
8.435965, 5.966528
8.495297, 5.898424
8.553910, 5.823389
8.611750, 5.744161
8.668788, 5.663159
8.725015, 5.582420
8.780442, 5.503591
8.835097, 5.427955
8.889015, 5.356472
8.942243, 5.289837
8.994830, 5.228526
9.046832, 5.172849
9.098306, 5.122987
9.149311, 5.079033
9.199907, 5.041014
9.250151, 5.008922
9.300105, 4.982722
9.349825, 4.962374
9.399372, 4.947843
9.448802, 4.939104
9.498173, 4.936150
9.547544, 4.939002
9.596973, 4.947709
9.646518, 4.962355
9.696240, 4.983063
9.746200, 5.009998
9.796461, 5.043375
9.847090, 5.083458
9.898154, 5.130572
9.949726, 5.185104
10.001882, 5.247507
10.054704, 5.318308
10.108278, 5.398110
10.162698, 5.487588
10.218065, 5.587485
10.274486, 5.698594
10.332077, 5.821718
10.390962, 5.957600
10.451273, 6.106808
10.513144, 6.269533
10.576707, 6.445280
10.642087, 6.632401
10.709382, 6.827459
10.778644, 7.024458
10.849847, 7.214155
10.922860, 7.383921
10.997410, 7.518843
11.073073, 7.604565
11.149303, 7.631381
11.225497, 7.597649
11.301077, 7.510349
11.375568, 7.382380
11.448638, 7.228350
11.520092, 7.061152
11.589849, 6.890297
11.657906, 6.721753
11.724302, 6.558560
11.789098, 6.401640
11.852355, 6.250518
11.914123, 6.103855
11.974440, 5.959823
12.033322, 5.816341
12.090762, 5.671233
12.146734, 5.522318
12.201188, 5.367480
12.254057, 5.204705
12.305250, 5.032114
12.354661, 4.847986
12.402166, 4.650774
12.447628, 4.439118
12.490896, 4.211855
12.531810, 3.968014
12.570199, 3.706816
12.605886, 3.427655
12.638690, 3.130076
12.668425, 2.813745
12.694902, 2.478412
12.717929, 2.123876
12.737315, 1.749950
12.752863, 1.356453
12.764378, 0.943247
12.771662, 0.510353
12.774521, 0.058238
12.772768, -0.411630
12.766240, -0.895759
12.754828, -1.386914
12.738523, -1.871516
12.717495, -2.326460
12.692207, -2.716943
12.663518, -2.998915
12.632734, -3.130118
12.601500, -3.087652
12.571536, -2.880073
12.544333, -2.542805
12.520960, -2.121300
12.502052, -1.655861
12.487892, -1.175305
12.478535, -0.697468
12.473900, -0.232248
12.473832, 0.215400
12.478142, 0.643307
12.486629, 1.050748
12.499089, 1.437679
12.515315, 1.804337
12.535109, 2.151042
12.558271, 2.478125
12.584607, 2.785911
12.613926, 3.074740
12.646040, 3.344989
12.680765, 3.597109
12.717923, 3.831654
12.757342, 4.049298
12.798856, 4.250856
12.842309, 4.437289
12.887555, 4.609709
12.934460, 4.769373
12.982904, 4.917675
13.032781, 5.056135
13.084000, 5.186383
13.136487, 5.310143
13.190187, 5.429212
13.245062, 5.545432
13.301092, 5.660660
13.358278, 5.776714
13.416635, 5.895299
13.476197, 6.017894
13.537010, 6.145571
13.599127, 6.278733
13.662601, 6.416739
13.727471, 6.557414
13.793744, 6.696493
13.861373, 6.827171
13.930229, 6.940091
14.000079, 7.024214
14.070581, 7.068852
14.141298, 7.066506
14.211747, 7.015313
14.281456, 6.919733
14.350024, 6.789060
14.417158, 6.634694
14.482676, 6.467585
14.546498, 6.296695
14.608619, 6.128526
14.669092, 5.967326
14.727998, 5.815576
14.785439, 5.674500
14.841524, 5.544497
14.896365, 5.425454
14.950069, 5.316966
15.002738, 5.218478
15.054470, 5.129376
15.105355, 5.049042
15.155478, 4.976883
15.204918, 4.912352
15.253748, 4.854952
15.302039, 4.804241
15.349854, 4.759827
15.397255, 4.721374
15.444301, 4.688588
15.491045, 4.661224
15.537543, 4.639073
15.583844, 4.621965
15.629998, 4.609759
15.676055, 4.602346
15.722061, 4.599638
15.768063, 4.601569
15.814107, 4.608086
15.860240, 4.619143
15.906505, 4.634696
15.952949, 4.654690
15.999614, 4.679050
16.046544, 4.707663
16.093781, 4.740363
16.141364, 4.776905
16.189330, 4.816940
16.237713, 4.859986
16.286538, 4.905395
16.335826, 4.952325
16.385586, 4.999711
16.435817, 5.046262
16.486503, 5.090475
16.537613, 5.130688
16.589098, 5.165176
16.640892, 5.192307
16.692915, 5.210723
16.745075, 5.219552
16.797273, 5.218591
16.849416, 5.208428
16.901416, 5.190466
16.953206, 5.166828
17.004742, 5.140174
17.056009, 5.113457
17.107021, 5.089684
17.157822, 5.071707
17.208483, 5.062099
17.259100, 5.063091
17.309787, 5.076586
17.360678, 5.104221
17.411923, 5.147458
17.463684, 5.207700
17.516139, 5.286412
17.569480, 5.385256
17.623918, 5.506235
17.679686, 5.651853
17.737047, 5.825313
17.796299, 6.030763
17.857787, 6.273604
17.921919, 6.560907
17.989184, 6.901919
18.060176, 7.308663
18.135626, 7.796407
18.216434, 8.383334
18.303684, 9.087248
18.398592, 9.913447
18.502238, 10.820896
18.614793, 11.656469
18.734127, 12.121380
18.855084, 11.963913
18.971609, 11.279236
19.079988, 10.385810
19.179426, 9.516331
19.270699, 8.759345
19.355030, 8.126797
19.433603, 7.604734
19.507430, 7.174429
19.577341, 6.819044
19.644015, 6.525033
19.708011, 6.281920
19.769796, 6.081716
19.829768, 5.918349
19.888270, 5.787187
19.945607, 5.684671
20.002050, 5.608020
20.057846, 5.555001
20.113222, 5.523724
20.168387, 5.512468
20.223532, 5.519519
20.278832, 5.543009
20.334440, 5.580777
20.390487, 5.630247
20.447074, 5.688353
20.504271, 5.751524
20.562108, 5.815761
20.620575, 5.876823
20.679620, 5.930512
20.739148, 5.973025
20.799033, 6.001316
20.859120, 6.013398
20.919244, 6.008498
20.979235, 5.987055
21.038935, 5.950551
21.098203, 5.901235
21.156926, 5.841800
21.215015, 5.775080
21.272412, 5.703808
21.329084, 5.630449
21.385021, 5.557113
21.440232, 5.485526
21.494742, 5.417044
21.548587, 5.352695
21.601812, 5.293225
21.654470, 5.239157
21.706615, 5.190841
21.758306, 5.148495
21.809605, 5.112245
21.860572, 5.082157
21.911269, 5.058257
21.961758, 5.040559
22.012101, 5.029069
22.062360, 5.023810
22.112598, 5.024821
22.162877, 5.032172
22.213263, 5.045969
22.263819, 5.066363
22.314612, 5.093553
22.365713, 5.127793
22.417193, 5.169402
22.469127, 5.218769
22.521596, 5.276360
22.574684, 5.342725
22.628482, 5.418506
22.683087, 5.504441
22.738607, 5.601365
22.795154, 5.710196
22.852854, 5.831917
22.911839, 5.967518
22.972253, 6.117897
23.034248, 6.283682
23.097979, 6.464933
23.163596, 6.660661
23.231231, 6.868120
23.300979, 7.081853
23.372859, 7.292655
23.446778, 7.486923
23.522485, 7.647320
23.599550, 7.755736
23.677379, 7.798468
23.755285, 7.771403
23.832597, 7.681758
23.908763, 7.545030
23.983402, 7.379366
24.056308, 7.200797
24.127414, 7.020967
24.196747, 6.846994
24.264386, 6.682367
24.330429, 6.528045
24.394979, 6.383382
24.458124, 6.246789
24.519934, 6.116162
24.580459, 5.989153
24.639721, 5.863323
24.697721, 5.736240
24.754434, 5.605535
24.809812, 5.468937
24.863786, 5.324300
24.916265, 5.169625
24.967139, 5.003080
25.016281, 4.823014
25.063549, 4.627976
25.108787, 4.416726
25.151826, 4.188238
25.192491, 3.941701
25.230598, 3.676509
25.265958, 3.392239
25.298378, 3.088622
25.327665, 2.765499
25.353623, 2.422773
25.376055, 2.060346
25.394764, 1.678061
25.409549, 1.275647
25.420208, 0.852692
25.426533, 0.408663
25.428309, -0.056960
25.425321, -0.544349
25.417353, -1.052604
25.404210, -1.578367
25.385753, -2.113364
25.361967, -2.640558
25.333068, -3.129392
25.299662, -3.533018
25.262885, -3.794008
25.224424, -3.863996
25.186295, -3.729155
25.150430, -3.418961
25.118316, -2.988779
25.090867, -2.494206
25.068506, -1.976493
25.051328, -1.460836
25.039238, -0.960505
25.032047, -0.481480
25.029530, -0.025820
25.031452, 0.406306
25.037580, 0.815501
25.047688, 1.202582
25.061560, 1.568326
25.078986, 1.913377
25.099760, 2.238236
25.123684, 2.543295
25.150561, 2.828878
25.180198, 3.095292
25.212404, 3.342873
25.246994, 3.572023
25.283785, 3.783241
25.322601, 3.977144
25.363273, 4.154479
25.405638, 4.316129
25.449546, 4.463110
25.494856, 4.596565
25.541437, 4.717757
25.589174, 4.828048
25.637966, 4.928893
25.687726, 5.021823
25.738382, 5.108428
25.789879, 5.190350
25.842179, 5.269263
25.895260, 5.346864
25.949117, 5.424858
26.003764, 5.504927
26.059228, 5.588697
26.115555, 5.677679
26.172803, 5.773166
26.231043, 5.876084
26.290351, 5.986750
26.350802, 6.104538
26.412459, 6.227425
26.475355, 6.351461
26.539471, 6.470327
26.604715, 6.575239
26.670894, 6.655647
26.737711, 6.701009
26.804771, 6.703410
26.871625, 6.659994
26.937828, 6.573902
27.002987, 6.453152
27.066810, 6.308187
27.129105, 6.149388
27.189781, 5.985468
27.248819, 5.822881
27.306257, 5.665921
27.362165, 5.517151
27.416632, 5.377876
27.469756, 5.248559
27.521636, 5.129133
27.572370, 5.019219
27.622051, 4.918272
27.670764, 4.825670
27.718590, 4.740772
27.765603, 4.662954
27.811870, 4.591620
27.857455, 4.526215
27.902413, 4.466226
27.946796, 4.411182
27.990651, 4.360651
28.034023, 4.314232
28.076949, 4.271559
28.119465, 4.232289
28.161605, 4.196100
28.203396, 4.162689
28.244867, 4.131765
28.286039, 4.103044
28.326934, 4.076250
28.367569, 4.051111
28.407961, 4.027353
28.448120, 4.004703
28.488058, 3.982889
28.527780, 3.961642
28.567291, 3.940701
28.606594, 3.919826
28.645687, 3.898806
28.684569, 3.877488
28.723236, 3.855796
28.761684, 3.833770
28.799911, 3.811600
28.837917, 3.789666
28.875707, 3.768573
28.913294, 3.749165
28.950699, 3.732523
28.987958, 3.719927
29.025116, 3.712777
29.062236, 3.712496
29.099393, 3.720403
29.136675, 3.737602
29.174179, 3.764895
29.212008, 3.802748
29.250270, 3.851302
29.289070, 3.910438
29.328513, 3.979868
29.368700, 4.059241
29.409730, 4.148243
29.451697, 4.246683
29.494695, 4.354569
29.538820, 4.472156
29.584172, 4.599991
29.630857, 4.738955
29.678992, 4.890310
29.728710, 5.055752
29.780162, 5.237490
29.833524, 5.438359
29.889005, 5.661969
29.946854, 5.912909
30.007373, 6.197032
30.070930, 6.521809
30.137976, 6.896770
30.209072, 7.333912
30.284910, 7.847787
30.366337, 8.454258
30.454345, 9.165227
30.549970, 9.972773
30.653921, 10.811795
30.765738, 11.506038
30.882645, 11.787373
30.999582, 11.513485
31.111568, 10.841098
31.215995, 10.041335
31.312562, 9.287191
31.402104, 8.640713
31.485758, 8.108283
31.564609, 7.677497
31.639594, 7.332551
31.711498, 7.059251
31.780979, 6.846110
31.848591, 6.684191
31.914810, 6.566637
31.980054, 6.488196
32.044691, 6.444806
32.109056, 6.433267
32.173454, 6.450961
32.238165, 6.495623
32.303449, 6.565134
32.369543, 6.657339
32.436664, 6.769874
32.505000, 6.900013
32.574712, 7.044544
32.645926, 7.199681
32.718726, 7.361040
32.793151, 7.523693
32.869187, 7.682321
32.946766, 7.831463
33.025767, 7.965848
33.106018, 8.080775
33.187305, 8.172477
33.269381, 8.238405
33.351983, 8.277394
33.434840, 8.289667
33.517692, 8.276690
33.600298, 8.240924
33.682445, 8.185509
33.763954, 8.113950
33.844682, 8.029838
33.924520, 7.936636
34.003395, 7.837524
34.081261, 7.735324
34.158099, 7.632465
34.233915, 7.530987
34.308729, 7.432578
34.382581, 7.338611
34.455520, 7.250198
34.527606, 7.168239
34.598909, 7.093471
34.669502, 7.026506
34.739467, 6.967875
34.808889, 6.918061
34.877859, 6.877526
34.946472, 6.846743
35.014828, 6.826223
35.083032, 6.816537
35.151197, 6.818345
35.219440, 6.832429
35.287889, 6.859718
35.356682, 6.901333
35.425968, 6.958629
35.495913, 7.033251
35.566698, 7.127198
35.638529, 7.242901
35.711638, 7.383310
35.786289, 7.551985
35.862786, 7.753159
35.941477, 7.991731
36.022763, 8.273045
36.107097, 8.602182
36.194977, 8.982197
36.286903, 9.410265
36.383292, 9.870385
36.484289, 10.322498
36.589478, 10.694500
36.697605, 10.895757
36.806609, 10.865768
36.914195, 10.621441
37.018591, 10.243365
37.118914, 9.819387
37.215027, 9.408586
37.307226, 9.039100
37.395975, 8.719109
37.481767, 8.446773
37.565050, 8.216112
37.646204, 8.019895
37.725538, 7.850884
37.803290, 7.702286
37.879631, 7.567864
37.954675, 7.441919
38.028480, 7.319235
38.101055, 7.195032
38.172361, 7.064939
38.242321, 6.924991
38.310816, 6.771643
38.377698, 6.601806
38.442789, 6.412883
38.505886, 6.202812
38.566769, 5.970098
38.625209, 5.713839
38.680967, 5.433724
38.733805, 5.130022
38.783491, 4.803544
38.829804, 4.455578
38.872537, 4.087814
38.911501, 3.702243
38.946529, 3.301049
38.977477, 2.886485
39.004222, 2.460757
39.026662, 2.025898
39.044715, 1.583657
39.058315, 1.135391
39.067406, 0.681973
39.071938, 0.223705
39.071863, -0.239750
39.067123, -0.709426
39.057648, -1.187086
39.043346, -1.675219
39.024098, -2.176942
38.999751, -2.695709
38.970117, -3.234614
38.934987, -3.794868
38.894159, -4.372707
38.847519, -4.953792
38.795180, -5.504862
38.737717, -5.966506
38.676414, -6.259531
38.613316, -6.318767
38.550850, -6.138105
38.491157, -5.777531
38.435612, -5.322357
38.384790, -4.842074
38.338714, -4.377742
38.297118, -3.947993
38.259620, -3.558396
38.225819, -3.208190
38.195336, -2.894054
38.167831, -2.611953
38.143003, -2.357959
38.120590, -2.128561
38.100360, -1.920747
38.082112, -1.731981
38.065664, -1.560150
38.050858, -1.403496
38.037549, -1.260562
38.025605, -1.130130
38.014908, -1.011184
38.005346, -0.902868
37.996817, -0.804453
37.989226, -0.715318
37.982482, -0.634924
37.976500, -0.562801
37.971200, -0.498528
37.966505, -0.441731
37.962341, -0.392066
37.958640, -0.349214
37.955335, -0.312878
37.952362, -0.282773
37.949660, -0.258625
37.947171, -0.240169
37.944839, -0.227143
37.942611, -0.219290
37.940436, -0.216351
37.938268, -0.218070
37.936060, -0.224190
37.933770, -0.234448
37.931358, -0.248584
37.928787, -0.266329
37.926021, -0.287413
37.923028, -0.311561
37.919780, -0.338490
37.916250, -0.367915
37.912415, -0.399540
37.908253, -0.433064
37.903748, -0.468177
37.898885, -0.504563
37.893654, -0.541896
37.888045, -0.579842
37.882056, -0.618060
37.875684, -0.656202
37.868933, -0.693913
37.861809, -0.730837
37.854320, -0.766614
37.846481, -0.800887
37.838309, -0.833305
37.829823, -0.863526
37.821047, -0.891223
37.812008, -0.916088
37.802735, -0.937840
37.793262, -0.956227
37.783623, -0.971037
37.773854, -0.982096
37.763994, -0.989281
37.754081, -0.992515
37.744157, -0.991777
37.734259, -0.987096
37.724428, -0.978560
37.714700, -0.966305
37.705113, -0.950522
37.695701, -0.931444
37.686494, -0.909350
37.677523, -0.884553
37.668811, -0.857397
37.660381, -0.828252
37.652251, -0.797508
37.644435, -0.765566
37.636943, -0.732838
37.629780, -0.699737
37.622948, -0.666679
37.616445, -0.634074
37.610264, -0.602325
37.604394, -0.571829
37.598821, -0.542972
37.593528, -0.516127
37.588491, -0.491658
37.583686, -0.469916
37.579082, -0.451239
37.574649, -0.435956
37.570351, -0.424382
37.566148, -0.416823
37.562000, -0.413575
37.557862, -0.414926
37.553685, -0.421155
37.549421, -0.432538
37.545017, -0.449343
37.540416, -0.471837
37.535560, -0.500289
37.530389, -0.534969
37.524839, -0.576154
37.518843, -0.624131
37.512333, -0.679206
37.505234, -0.741705
37.497473, -0.811986
37.488967, -0.890444
37.479635, -0.977531
37.469386, -1.073758
37.458127, -1.179722
37.445757, -1.296124
37.432167, -1.423792
37.417240, -1.563714
37.400848, -1.717078
37.382849, -1.885317
37.363087, -2.070166
37.341384, -2.273728
37.317541, -2.498551
37.291332, -2.747705
37.262494, -3.024841
37.230728, -3.334185
37.195688, -3.680368
37.156982, -4.067852
37.114183, -4.499498
37.066850, -4.973394
37.014614, -5.476635
36.957329, -5.975211
36.895340, -6.403568
36.829804, -6.668525
36.762802, -6.687072
36.696954, -6.441954
36.634646, -5.993290
36.577463, -5.431460
36.526146, -4.829550
36.480862, -4.229683
36.441483, -3.650209
36.407773, -3.096044
36.379482, -2.565822
36.356389, -2.055808
36.338313, -1.561787
36.325113, -1.079909
36.316685, -0.607019
36.312951, -0.140765
36.313853, 0.320400
36.319344, 0.777253
36.329384, 1.229865
36.343926, 1.677662
36.362917, 2.119508
36.386291, 2.553794
36.413961, 2.978536
36.445822, 3.391486
36.481744, 3.790254
36.521572, 4.172424
36.565129, 4.535685
36.612216, 4.877942
36.662612, 5.197430
36.716084, 5.492804
36.772385, 5.763215
36.831264, 6.008363
36.892469, 6.228531
36.955754, 6.424594
37.020885, 6.598005
37.087645, 6.750768
37.155840, 6.885391
37.225302, 7.004840
37.295897, 7.112486
37.367525, 7.212059
37.440125, 7.307613
37.513678, 7.403518
37.588212, 7.504468
37.663801, 7.615517
37.740574, 7.742141
37.818716, 7.890307
37.898474, 8.066526
37.980163, 8.277797
38.064170, 8.531266
38.150950, 8.833209
38.241007, 9.186583
38.334837, 9.585837
38.432803, 10.007674
38.534895, 10.399403
38.640410, 10.676522
38.747743, 10.751475
38.854641, 10.591013
38.958932, 10.243250
39.059184, 9.798275
39.154838, 9.334252
39.245962, 8.897171
39.332939, 8.506681
39.416267, 8.167379
39.496450, 7.876928
39.573952, 7.630469
39.649188, 7.422678
39.722518, 7.248615
39.794258, 7.103999
39.864684, 6.985244
39.934039, 6.889397
40.002540, 6.814048
40.070382, 6.757245
40.137742, 6.717407
40.204782, 6.693255
40.271656, 6.683759
40.338504, 6.688077
40.405461, 6.705518
40.472656, 6.735496
40.540211, 6.777491
40.608244, 6.831009
40.676868, 6.895536
40.746189, 6.970495
40.816310, 7.055186
40.887323, 7.148731
40.959310, 7.250001
41.032344, 7.357547
41.106476, 7.469523
41.181741, 7.583619
41.258146, 7.697006
41.335668, 7.806319
41.414246, 7.907697
41.493781, 7.996888
41.574129, 8.069465
41.655101, 8.121126
41.736469, 8.148091
41.817971, 8.147528
41.899322, 8.117960
41.980233, 8.059549
42.060423, 7.974200
42.139639, 7.865449
42.217670, 7.738153
42.294359, 7.598041
42.369609, 7.451224
42.443382, 7.303744
42.515700, 7.161233
42.586640, 7.028694
42.656322, 6.910418
42.724908, 6.810009
42.792592, 6.730487
42.859596, 6.674437
42.926166, 6.644198
42.992573, 6.642063
43.059110, 6.670498
43.126095, 6.732380
43.193880, 6.831268
43.262858, 6.971726
43.333473, 7.159719
43.406237, 7.403108
43.481754, 7.712232
43.560745, 8.100490
43.644082, 8.584518
43.732816, 9.182651
43.828162, 9.907917
43.931361, 10.746244
44.043176, 11.605407
44.162771, 12.251069
44.286419, 12.374746
44.408204, 11.897647
44.523205, 11.071794
44.629456, 10.184360
44.727184, 9.380327
44.817473, 8.697944
44.901530, 8.131552
44.980432, 7.663683
45.055073, 7.276586
45.126183, 6.955362
45.194360, 6.688286
45.260099, 6.466340
45.323814, 6.282636
45.385861, 6.131912
45.446549, 6.010125
45.506150, 5.914139
45.564909, 5.841472
45.623050, 5.790091
45.680776, 5.758229
