0.000000	-0.000000
240.000000	-0.000000
480.000000	-0.000000
720.000000	-0.000000
960.000000	-0.000000
1200.000000	-0.000000
1440.000000	-0.000000
1680.000000	-0.000000
1920.000000	-0.000000
2160.000000	-0.000000
2400.000000	-0.000000
2640.000000	-0.000000
2880.000000	-0.000000
3120.000000	-0.000000
3360.000000	-0.000000
3600.000000	-0.000000
3840.000000	-0.000000
4080.000000	-0.000000
4320.000000	-0.000000
4560.000000	-0.000000
4800.000000	-0.000000
5040.000000	-0.000000
5280.000000	-0.000000
5520.000000	-0.000000
5760.000000	-0.000000
6000.000000	-0.000000
6240.000000	-0.000000
6480.000000	-0.000000
6720.000000	-0.000000
6960.000000	-0.000000
7200.000000	-0.000000
7440.000000	-0.000000
7680.000000	-0.000000
7920.000000	-0.000000
8160.000000	-0.000000
8400.000000	-0.000000
8640.000000	-0.000000
8880.000000	-0.000000
9120.000000	-0.000000
9360.000000	-0.000000
9600.000000	-0.000000
9840.000000	-0.000000
10080.000000	-0.000000
10320.000000	-0.000000
10560.000000	-0.000000
10800.000000	-0.000000
11040.000000	-0.000000
11280.000000	-0.000000
11520.000000	-0.000000
11760.000000	-0.000000
12000.000000	-0.000000
12240.000000	-0.000000
12480.000000	-0.000000
12720.000000	-0.000000
12960.000000	-0.000000
13200.000000	-0.000000
13440.000000	-0.000000
13680.000000	-0.000000
13920.000000	-0.000000
14160.000000	-0.000000
14400.000000	-0.000000
14640.000000	-0.000000
14880.000000	-0.000000
15120.000000	-0.000000
15360.000000	-0.000000
15600.000000	-0.000000
15840.000000	-0.000000
16080.000000	-0.000000
16320.000000	-0.000000
16560.000000	-0.000000
16800.000000	-0.000000
17040.000000	-0.000000
17280.000000	-0.000000
17520.000000	-0.000000
17760.000000	-0.000000
18000.000000	-0.000000
18240.000000	-0.000000
18480.000000	-0.000000
18720.000000	-0.000000
18960.000000	-0.000000
19200.000000	-0.000000
19440.000000	-0.000000
19680.000000	-0.000000
19920.000000	-0.000000
20160.000000	-0.000000
20400.000000	-0.000000
20640.000000	-0.000000
20880.000000	-0.000000
21120.000000	-0.000000
21360.000000	-0.000000
21600.000000	-0.000000
21840.000000	-0.000000
22080.000000	-0.000000
22320.000000	-0.000000
22560.000000	-0.000000
22800.000000	-0.000000
23040.000000	-0.000000
23280.000000	-0.000000
23520.000000	-0.000000
23760.000000	-0.000000
24000.000000	-0.000000
24240.000000	-0.000000
24480.000000	-0.000000
24720.000000	-0.000000
24960.000000	-0.000000
25200.000000	-0.000000
25440.000000	-0.000000
25680.000000	-0.000000
25920.000000	-0.000000
26160.000000	-0.000000
26400.000000	-0.000000
26640.000000	-0.000000
26880.000000	-0.000000
27120.000000	-0.000000
27360.000000	-0.000000
27600.000000	-0.000000
27840.000000	-0.000000
28080.000000	-0.000000
28320.000000	-0.000000
28560.000000	-0.000000
28800.000000	-0.000000
29040.000000	-0.000000
29280.000000	-0.000000
29520.000000	-0.000000
29760.000000	-0.000000
30000.000000	-0.000000
30240.000000	-0.000000
30480.000000	-0.000000
30720.000000	-0.000000
30960.000000	-0.000000
31200.000000	-0.000000
31440.000000	-0.000000
31680.000000	-0.000000
31920.000000	-0.000000
32160.000000	-0.000000
32400.000000	-0.000000
32640.000000	-0.000000
32880.000000	-0.000000
33120.000000	-0.000000
33360.000000	-0.000000
33600.000000	-0.000000
33840.000000	-0.000000
34080.000000	-0.000000
34320.000000	-0.000000
34560.000000	-0.000000
34800.000000	-0.000000
35040.000000	-0.000000
35280.000000	-0.000000
35520.000000	-0.000000
35760.000000	-0.000000
36000.000000	-0.000000
36240.000000	-0.000000
36480.000000	-0.000000
36720.000000	-0.000000
36960.000000	-0.000000
37200.000000	-0.000000
37440.000000	-0.000000
37680.000000	-0.000000
37920.000000	-0.000000
38160.000000	-0.000000
38400.000000	-0.000000
38640.000000	-0.000000
38880.000000	-0.000000
39120.000000	-0.000000
39360.000000	-0.000000
39600.000000	-0.000000
39840.000000	-0.000000
40080.000000	-0.000000
40320.000000	-0.000000
40560.000000	-0.000000
40800.000000	-0.000000
41040.000000	-0.000000
41280.000000	-0.000000
41520.000000	-0.000000
41760.000000	-0.000000
42000.000000	-0.000000
42240.000000	-0.000000
42480.000000	-0.000000
42720.000000	-0.000000
42960.000000	-0.000000
43200.000000	-0.000000
43440.000000	-0.000000
43680.000000	-0.000000
43920.000000	-0.000000
44160.000000	-0.000000
44400.000000	-0.000000
44640.000000	-0.000000
44880.000000	-0.000000
45120.000000	-0.000000
45360.000000	-0.000000
45600.000000	-0.000000
45840.000000	-0.000000
46080.000000	-0.000000
46320.000000	-0.000000
46560.000000	-0.000000
46800.000000	-0.000000
47040.000000	-0.000000
47280.000000	-0.000000
47520.000000	-0.000000
47760.000000	-0.000000
48000.000000	-0.000000
48240.000000	-0.000000
48480.000000	-0.000000
48720.000000	-0.000000
48960.000000	-0.000000
49200.000000	-0.000000
49440.000000	-0.000000
49680.000000	-0.000000
49920.000000	-0.000000
50160.000000	-0.000000
50400.000000	-0.000000
50640.000000	-0.000000
50880.000000	-0.000000
51120.000000	-0.000000
51360.000000	-0.000000
51600.000000	-0.000000
51840.000000	-0.000000
52080.000000	-0.000000
52320.000000	-0.000000
52560.000000	-0.000000
52800.000000	-0.000000
53040.000000	-0.000000
53280.000000	-0.000000
53520.000000	-0.000000
53760.000000	-0.000000
54000.000000	-0.000000
54240.000000	-0.000000
54480.000000	-0.000000
54720.000000	-0.000000
54960.000000	-0.000000
55200.000000	-0.000000
55440.000000	-0.000000
55680.000000	-0.000000
55920.000000	-0.000000
56160.000000	-0.000000
56400.000000	-0.000000
56640.000000	-0.000000
56880.000000	-0.000000
57120.000000	-0.000000
57360.000000	-0.000000
57600.000000	-0.000000
57840.000000	-0.000000
58080.000000	-0.000000
58320.000000	-0.000000
58560.000000	-0.000000
58800.000000	-0.000000
59040.000000	-0.000000
59280.000000	-0.000000
59520.000000	-0.000000
59760.000000	-0.000000
60000.000000	-0.000000
60240.000000	-0.000000
60480.000000	-0.000000
60720.000000	-0.000000
60960.000000	-0.000000
61200.000000	-0.000000
61440.000000	-0.000000
61680.000000	-0.000000
61920.000000	-0.000000
62160.000000	-0.000000
62400.000000	-0.000000
62640.000000	-0.000000
62880.000000	-0.000000
63120.000000	-0.000000
63360.000000	-0.000000
63600.000000	-0.000000
63840.000000	-0.000000
64080.000000	-0.000000
64320.000000	-0.000000
64560.000000	-0.000000
64800.000000	-0.000000
65040.000000	-0.000000
65280.000000	-0.000000
65520.000000	-0.000000
65760.000000	-0.000000
66000.000000	-0.000000
66240.000000	-0.000000
66480.000000	-0.000000
66720.000000	-0.000000
66960.000000	-0.000000
67200.000000	-0.000000
67440.000000	-0.000000
67680.000000	-0.000000
67920.000000	-0.000000
68160.000000	-0.000000
68400.000000	-0.000000
68640.000000	-0.000000
68880.000000	-0.000000
69120.000000	-0.000000
69360.000000	-0.000000
69600.000000	-0.000000
69840.000000	-0.000000
70080.000000	-0.000000
70320.000000	-0.000000
70560.000000	-0.000000
70800.000000	-0.000000
71040.000000	-0.000000
71280.000000	-0.000000
71520.000000	-0.000000
71760.000000	-0.000000
72000.000000	-0.000000
72240.000000	-0.000000
72480.000000	-0.000000
72720.000000	-0.000000
72960.000000	-0.000000
73200.000000	-0.000000
73440.000000	-0.000000
73680.000000	-0.000000
73920.000000	-0.000000
74160.000000	-0.000000
74400.000000	-0.000000
74640.000000	-0.000000
74880.000000	-0.000000
75120.000000	-0.000000
75360.000000	-0.000000
75600.000000	-0.000000
75840.000000	-0.000000
76080.000000	-0.000000
76320.000000	-0.000000
76560.000000	-0.000000
76800.000000	-0.000000
77040.000000	-0.000000
77280.000000	-0.000000
77520.000000	-0.000000
77760.000000	-0.000000
78000.000000	-0.000000
78240.000000	-0.000000
78480.000000	-0.000000
78720.000000	-0.000000
78960.000000	-0.000000
79200.000000	-0.000000
79440.000000	-0.000000
79680.000000	-0.000000
79920.000000	-0.000000
80160.000000	-0.000000
80400.000000	-0.000000
80640.000000	-0.000000
80880.000000	-0.000000
81120.000000	-0.000000
81360.000000	-0.000000
81600.000000	-0.000000
81840.000000	-0.000000
82080.000000	-0.000000
82320.000000	-0.000000
82560.000000	-0.000000
82800.000000	-0.000000
83040.000000	-0.000000
83280.000000	-0.000000
83520.000000	-0.000000
83760.000000	-0.000000
84000.000000	-0.000000
84240.000000	-0.000000
84480.000000	-0.000000
84720.000000	-0.000000
84960.000000	-0.000000
85200.000000	-0.000000
85440.000000	-0.000000
85680.000000	-0.000000
85920.000000	-0.000000
86160.000000	-0.000000
86400.000000	-0.000000
86640.000000	-0.000000
86880.000000	-0.000000
87120.000000	-0.000000
87360.000000	-0.000000
87600.000000	-0.000000
87840.000000	-0.000000
88080.000000	-0.000000
88320.000000	-0.000000
88560.000000	-0.000000
88800.000000	-0.000000
89040.000000	-0.000000
89280.000000	-0.000000
89520.000000	-0.000000
89760.000000	-0.000000
90000.000000	-0.000000
90240.000000	-0.000000
90480.000000	-0.000000
90720.000000	-0.000000
90960.000000	-0.000000
91200.000000	-0.000000
91440.000000	-0.000000
91680.000000	-0.000000
91920.000000	-0.000000
92160.000000	-0.000000
92400.000000	-0.000000
92640.000000	-0.000000
92880.000000	-0.000000
93120.000000	-0.000000
93360.000000	-0.000000
93600.000000	-0.000000
93840.000000	-0.000000
94080.000000	-0.000000
94320.000000	-0.000000
94560.000000	-0.000000
94800.000000	-0.000000
95040.000000	-0.000000
95280.000000	-0.000000
95520.000000	-0.000000
95760.000000	-0.000000
96000.000000	-0.000000
96240.000000	-0.000000
96480.000000	-0.000000
96720.000000	-0.000000
96960.000000	-0.000000
97200.000000	-0.000000
97440.000000	-0.000000
97680.000000	-0.000000
97920.000000	-0.000000
98160.000000	-0.000000
98400.000000	-0.000000
98640.000000	-0.000000
98880.000000	-0.000000
99120.000000	-0.000000
99360.000000	-0.000000
99600.000000	-0.000000
99840.000000	-0.000000
100080.000000	-0.000000
100320.000000	-0.000000
100560.000000	-0.000000
100800.000000	-0.000000
101040.000000	-0.000000
101280.000000	-0.000000
101520.000000	-0.000000
101760.000000	-0.000000
102000.000000	-0.000000
102240.000000	-0.000000
102480.000000	-0.000000
102720.000000	-0.000000
102960.000000	-0.000000
103200.000000	-0.000000
103440.000000	-0.000000
103680.000000	-0.000000
103920.000000	-0.000000
104160.000000	-0.000000
104400.000000	-0.000000
104640.000000	-0.000000
104880.000000	-0.000000
105120.000000	-0.000000
105360.000000	-0.000000
105600.000000	-0.000000
105840.000000	-0.000000
106080.000000	-0.000000
106320.000000	-0.000000
106560.000000	-0.000000
106800.000000	-0.000000
107040.000000	-0.000000
107280.000000	-0.000000
107520.000000	-0.000000
107760.000000	-0.000000
108000.000000	-0.000000
108240.000000	-0.000000
108480.000000	-0.000000
108720.000000	-0.000000
108960.000000	-0.000000
109200.000000	-0.000000
109440.000000	-0.000000
109680.000000	-0.000000
109920.000000	-0.000000
110160.000000	-0.000000
110400.000000	-0.000000
110640.000000	-0.000000
110880.000000	-0.000000
111120.000000	-0.000000
111360.000000	-0.000000
111600.000000	-0.000000
111840.000000	-0.000000
112080.000000	-0.000000
112320.000000	-0.000000
112560.000000	-0.000000
112800.000000	-0.000000
113040.000000	-0.000000
113280.000000	-0.000000
113520.000000	-0.000000
113760.000000	-0.000000
114000.000000	-0.000000
114240.000000	-0.000000
114480.000000	-0.000000
114720.000000	-0.000000
114960.000000	-0.000000
115200.000000	-0.000000
115440.000000	-0.000000
115680.000000	-0.000000
115920.000000	-0.000000
116160.000000	-0.000000
116400.000000	-0.000000
116640.000000	-0.000000
116880.000000	-0.000000
117120.000000	-0.000000
117360.000000	-0.000000
117600.000000	-0.000000
117840.000000	-0.000000
118080.000000	-0.000000
118320.000000	-0.000000
118560.000000	-0.000000
118800.000000	-0.000000
119040.000000	-0.000000
119280.000000	-0.000000
119520.000000	-0.000000
119760.000000	-0.000000
120000.000000	-0.000000
120240.000000	-0.000000
120480.000000	-0.000000
120720.000000	-0.000000
120960.000000	-0.000000
121200.000000	-0.000000
121440.000000	-0.000000
121680.000000	-0.000000
121920.000000	-0.000000
122160.000000	-0.000000
122400.000000	-0.000000
122640.000000	-0.000000
122880.000000	-0.000000
123120.000000	-0.000000
123360.000000	-0.000000
123600.000000	-0.000000
123840.000000	-0.000000
124080.000000	-0.000000
124320.000000	-0.000000
124560.000000	-0.000000
124800.000000	-0.000000
125040.000000	-0.000000
125280.000000	-0.000000
125520.000000	-0.000000
125760.000000	-0.000000
126000.000000	-0.000000
126240.000000	-0.000000
126480.000000	-0.000000
126720.000000	-0.000000
126960.000000	-0.000000
127200.000000	-0.000000
127440.000000	-0.000000
127680.000000	-0.000000
127920.000000	-0.000000
128160.000000	-0.000000
128400.000000	-0.000000
128640.000000	-0.000000
128880.000000	-0.000000
129120.000000	-0.000000
129360.000000	-0.000000
129600.000000	-0.000000
129840.000000	-0.000000
130080.000000	-0.000000
130320.000000	-0.000000
130560.000000	-0.000000
130800.000000	-0.000000
131040.000000	-0.000000
131280.000000	-0.000000
131520.000000	-0.000000
131760.000000	-0.000000
132000.000000	-0.000000
132240.000000	-0.000000
132480.000000	-0.000000
132720.000000	-0.000000
132960.000000	-0.000000
133200.000000	-0.000000
133440.000000	-0.000000
133680.000000	-0.000000
133920.000000	-0.000000
134160.000000	-0.000000
134400.000000	-0.000000
134640.000000	-0.000000
134880.000000	-0.000000
135120.000000	-0.000000
135360.000000	-0.000000
135600.000000	-0.000000
135840.000000	-0.000000
136080.000000	0.000000
136320.000000	0.000000
136560.000000	0.000000
136800.000000	0.000000
137040.000000	0.000000
137280.000000	0.000000
137520.000000	0.000000
137760.000000	0.000000
138000.000000	0.000000
138240.000000	0.000000
138480.000000	0.000000
138720.000000	0.000000
138960.000000	0.000000
139200.000000	0.000000
139440.000000	0.000000
139680.000000	0.000000
139920.000000	0.000000
140160.000000	0.000000
140400.000000	0.000000
140640.000000	0.000000
140880.000000	0.000000
141120.000000	0.000000
141360.000000	0.000000
141600.000000	0.000000
141840.000000	0.000000
142080.000000	0.000000
142320.000000	0.000000
142560.000000	0.000000
142800.000000	0.000000
143040.000000	0.000000
143280.000000	0.000000
143520.000000	0.000000
143760.000000	0.000000
144000.000000	0.000000
144240.000000	0.000000
144480.000000	0.000000
144720.000000	0.000000
144960.000000	0.000000
145200.000000	0.000000
145440.000000	0.000000
145680.000000	0.000000
145920.000000	0.000000
146160.000000	0.000000
146400.000000	0.000000
146640.000000	0.000000
146880.000000	0.000000
147120.000000	0.000000
147360.000000	0.000000
147600.000000	0.000000
147840.000000	0.000000
148080.000000	0.000000
148320.000000	0.000000
148560.000000	0.000000
148800.000000	0.000000
149040.000000	0.000000
149280.000000	0.000000
149520.000000	0.000000
149760.000000	0.000000
150000.000000	0.000000
150240.000000	0.000000
150480.000000	0.000000
150720.000000	0.000000
150960.000000	0.000000
151200.000000	0.000000
151440.000000	0.000000
151680.000000	0.000000
151920.000000	0.000000
152160.000000	0.000000
152400.000000	0.000000
152640.000000	0.000000
152880.000000	0.000000
153120.000000	0.000000
153360.000000	0.000000
153600.000000	0.000000
153840.000000	0.000000
154080.000000	0.000000
154320.000000	0.000000
154560.000000	0.000000
154800.000000	0.000000
155040.000000	0.000000
155280.000000	0.000000
155520.000000	0.000000
155760.000000	0.000000
156000.000000	0.000000
156240.000000	0.000000
156480.000000	0.000000
156720.000000	0.000000
156960.000000	0.000000
157200.000000	0.000000
157440.000000	0.000000
157680.000000	0.000000
157920.000000	0.000000
158160.000000	0.000000
158400.000000	0.000000
158640.000000	0.000000
158880.000000	0.000000
159120.000000	0.000000
159360.000000	0.000000
159600.000000	0.000000
159840.000000	0.000000
160080.000000	0.000000
160320.000000	0.000000
160560.000000	0.000000
160800.000000	0.000000
161040.000000	0.000000
161280.000000	0.000000
161520.000000	0.000000
161760.000000	0.000000
162000.000000	0.000000
162240.000000	0.000000
162480.000000	0.000000
162720.000000	0.000000
162960.000000	0.000000
163200.000000	0.000000
163440.000000	0.000000
163680.000000	0.000000
163920.000000	0.000000
164160.000000	0.000000
164400.000000	0.000000
164640.000000	0.000000
164880.000000	0.000000
165120.000000	0.000000
165360.000000	0.000000
165600.000000	0.000000
165840.000000	0.000000
166080.000000	0.000000
166320.000000	0.000000
166560.000000	0.000000
166800.000000	0.000000
167040.000000	0.000000
167280.000000	0.000000
167520.000000	0.000000
167760.000000	0.000000
168000.000000	0.000000
168240.000000	0.000000
168480.000000	0.000000
168720.000000	0.000000
168960.000000	0.000000
169200.000000	0.000000
169440.000000	0.000000
169680.000000	0.000000
169920.000000	0.000000
170160.000000	0.000000
170400.000000	0.000000
170640.000000	0.000000
170880.000000	0.000000
171120.000000	0.000000
171360.000000	0.000000
171600.000000	0.000000
171840.000000	0.000000
172080.000000	0.000000
172320.000000	0.000000
172560.000000	0.000000
172800.000000	0.000000
173040.000000	0.000000
173280.000000	0.000000
173520.000000	0.000000
173760.000000	0.000000
174000.000000	0.000000
174240.000000	0.000000
174480.000000	0.000000
174720.000000	0.000000
174960.000000	0.000000
175200.000000	0.000000
175440.000000	0.000000
175680.000000	0.000000
175920.000000	0.000000
176160.000000	0.000000
176400.000000	0.000000
176640.000000	0.000000
176880.000000	0.000000
177120.000000	0.000000
177360.000000	0.000000
177600.000000	0.000000
177840.000000	0.000000
178080.000000	0.000000
178320.000000	0.000000
178560.000000	0.000000
178800.000000	0.000000
179040.000000	0.000000
179280.000000	0.000000
179520.000000	0.000000
179760.000000	0.000000
180000.000000	0.000000
180240.000000	0.000000
180480.000000	0.000000
180720.000000	0.000000
180960.000000	0.000000
181200.000000	0.000000
181440.000000	0.000000
181680.000000	0.000000
181920.000000	0.000000
182160.000000	0.000000
182400.000000	0.000000
182640.000000	0.000000
182880.000000	0.000000
183120.000000	0.000000
183360.000000	0.000000
183600.000000	0.000000
183840.000000	0.000000
184080.000000	0.000000
184320.000000	0.000000
184560.000000	0.000000
184800.000000	0.000000
185040.000000	0.000000
185280.000000	0.000000
185520.000000	0.000000
185760.000000	0.000000
186000.000000	0.000000
186240.000000	0.000000
186480.000000	0.000000
186720.000000	0.000000
186960.000000	0.000000
187200.000000	0.000000
187440.000000	0.000000
187680.000000	0.000000
187920.000000	0.000000
188160.000000	0.000000
188400.000000	0.000000
188640.000000	0.000000
188880.000000	0.000000
189120.000000	0.000000
189360.000000	0.000000
189600.000000	0.000000
189840.000000	0.000000
190080.000000	0.000000
190320.000000	0.000000
190560.000000	0.000000
190800.000000	0.000000
191040.000000	0.000000
191280.000000	0.000000
191520.000000	0.000000
191760.000000	0.000000
192000.000000	0.000000
192240.000000	0.000000
192480.000000	0.000000
192720.000000	0.000000
192960.000000	0.000000
193200.000000	0.000000
193440.000000	0.000000
193680.000000	0.000000
193920.000000	0.000000
194160.000000	0.000000
194400.000000	0.000000
194640.000000	0.000000
194880.000000	0.000000
195120.000000	0.000000
195360.000000	0.000000
195600.000000	0.000000
195840.000000	0.000000
196080.000000	0.000000
196320.000000	0.000000
196560.000000	0.000000
196800.000000	0.000000
197040.000000	0.000000
197280.000000	0.000000
197520.000000	0.000000
197760.000000	0.000000
198000.000000	0.000000
198240.000000	0.000000
198480.000000	0.000000
198720.000000	0.000000
198960.000000	0.000000
199200.000000	0.000000
199440.000000	0.000000
199680.000000	0.000000
199920.000000	0.000000
200160.000000	0.000000
200400.000000	0.000000
200640.000000	0.000000
200880.000000	0.000000
201120.000000	0.000000
201360.000000	0.000000
201600.000000	0.000000
201840.000000	0.000000
202080.000000	0.000000
202320.000000	0.000000
202560.000000	0.000000
202800.000000	0.000000
203040.000000	0.000000
203280.000000	0.000000
203520.000000	0.000000
203760.000000	0.000000
204000.000000	0.000000
204240.000000	0.000000
204480.000000	0.000000
204720.000000	0.000000
204960.000000	0.000000
205200.000000	0.000000
205440.000000	0.000000
205680.000000	0.000000
205920.000000	0.000000
206160.000000	0.000000
206400.000000	0.000000
206640.000000	0.000000
206880.000000	0.000000
207120.000000	0.000000
207360.000000	0.000000
207600.000000	0.000000
207840.000000	0.000000
208080.000000	0.000000
208320.000000	0.000000
208560.000000	0.000000
208800.000000	0.000000
209040.000000	0.000000
209280.000000	0.000000
209520.000000	0.000000
209760.000000	0.000000
210000.000000	0.000000
210240.000000	0.000000
210480.000000	0.000000
210720.000000	0.000000
210960.000000	0.000000
211200.000000	0.000000
211440.000000	0.000000
211680.000000	0.000000
211920.000000	0.000000
212160.000000	0.000000
212400.000000	0.000000
212640.000000	0.000000
212880.000000	0.000000
213120.000000	0.000000
213360.000000	0.000000
213600.000000	0.000000
213840.000000	0.000000
214080.000000	0.000000
214320.000000	0.000000
214560.000000	0.000000
214800.000000	0.000000
215040.000000	0.000000
215280.000000	0.000000
215520.000000	0.000000
215760.000000	0.000000
216000.000000	0.000000
216240.000000	0.000000
216480.000000	0.000000
216720.000000	0.000000
216960.000000	0.000000
217200.000000	0.000000
217440.000000	0.000000
217680.000000	0.000000
217920.000000	0.000000
218160.000000	0.000000
218400.000000	0.000000
218640.000000	0.000000
218880.000000	0.000000
219120.000000	0.000000
219360.000000	0.000000
219600.000000	0.000000
219840.000000	0.000000
220080.000000	0.000000
220320.000000	0.000000
220560.000000	0.000000
220800.000000	0.000000
221040.000000	0.000000
221280.000000	0.000000
221520.000000	0.000000
221760.000000	0.000000
222000.000000	0.000000
222240.000000	0.000000
222480.000000	0.000000
222720.000000	0.000000
222960.000000	0.000000
223200.000000	0.000000
223440.000000	0.000000
223680.000000	0.000000
223920.000000	0.000000
224160.000000	0.000000
224400.000000	0.000000
224640.000000	0.000000
224880.000000	0.000000
225120.000000	0.000000
225360.000000	0.000000
225600.000000	0.000000
225840.000000	0.000000
226080.000000	0.000000
226320.000000	0.000000
226560.000000	0.000000
226800.000000	0.000000
227040.000000	0.000000
227280.000000	0.000000
227520.000000	0.000000
227760.000000	0.000000
228000.000000	0.000000
228240.000000	0.000000
228480.000000	0.000000
228720.000000	0.000000
228960.000000	0.000000
229200.000000	0.000000
229440.000000	0.000000
229680.000000	0.000000
229920.000000	0.000000
230160.000000	0.000000
230400.000000	0.000000
230640.000000	0.000000
230880.000000	0.000000
231120.000000	0.000000
231360.000000	0.000000
231600.000000	0.000000
231840.000000	0.000000
232080.000000	0.000000
232320.000000	0.000000
232560.000000	0.000000
232800.000000	0.000000
233040.000000	0.000000
233280.000000	0.000000
233520.000000	0.000000
233760.000000	0.000000
234000.000000	0.000000
234240.000000	0.000000
234480.000000	0.000000
234720.000000	0.000000
234960.000000	0.000000
235200.000000	0.000000
235440.000000	0.000000
235680.000000	0.000000
235920.000000	0.000000
236160.000000	0.000000
236400.000000	0.000000
236640.000000	0.000000
236880.000000	0.000000
237120.000000	0.000000
237360.000000	0.000000
237600.000000	0.000000
237840.000000	0.000000
238080.000000	0.000000
238320.000000	0.000000
238560.000000	0.000000
238800.000000	0.000000
239040.000000	0.000000
239280.000000	0.000000
239520.000000	0.000000
239760.000000	0.000000
240000.000000	0.000000
240240.000000	0.000000
240480.000000	0.000000
240720.000000	0.000000
240960.000000	0.000000
241200.000000	0.000000
241440.000000	0.000000
241680.000000	0.000000
241920.000000	0.000000
242160.000000	0.000000
242400.000000	0.000000
242640.000000	0.000000
242880.000000	0.000000
243120.000000	0.000000
243360.000000	0.000000
243600.000000	0.000000
243840.000000	0.000000
244080.000000	0.000000
244320.000000	0.000000
244560.000000	0.000000
244800.000000	0.000000
245040.000000	0.000000
245280.000000	0.000000
245520.000000	0.000000
245760.000000	0.000000
246000.000000	0.000000
246240.000000	0.000000
246480.000000	0.000000
246720.000000	0.000000
246960.000000	0.000000
247200.000000	0.000000
247440.000000	0.000000
247680.000000	0.000000
247920.000000	0.000000
248160.000000	0.000000
248400.000000	0.000000
248640.000000	0.000000
248880.000000	0.000000
249120.000000	0.000000
249360.000000	0.000000
249600.000000	0.000000
249840.000000	0.000000
250080.000000	0.000000
250320.000000	0.000000
250560.000000	0.000000
250800.000000	0.000000
251040.000000	0.000000
251280.000000	0.000000
251520.000000	0.000000
251760.000000	0.000000
252000.000000	0.000000
252240.000000	0.000000
252480.000000	0.000000
252720.000000	0.000000
252960.000000	0.000000
253200.000000	0.000000
253440.000000	0.000000
253680.000000	0.000000
253920.000000	0.000000
254160.000000	0.000000
254400.000000	0.000000
254640.000000	0.000000
254880.000000	0.000000
255120.000000	0.000000
255360.000000	0.000000
255600.000000	0.000000
255840.000000	0.000000
256080.000000	0.000000
256320.000000	0.000000
256560.000000	0.000000
256800.000000	0.000000
257040.000000	0.000000
257280.000000	0.000000
257520.000000	0.000000
257760.000000	0.000000
258000.000000	0.000000
258240.000000	0.000000
258480.000000	0.000000
258720.000000	0.000000
258960.000000	0.000000
259200.000000	0.000000
259440.000000	0.000000
259680.000000	0.000000
259920.000000	0.000000
260160.000000	0.000000
260400.000000	0.000000
260640.000000	0.000000
260880.000000	0.000000
261120.000000	0.000000
261360.000000	0.000000
261600.000000	0.000000
261840.000000	0.000000
262080.000000	0.000000
262320.000000	0.000000
262560.000000	0.000000
262800.000000	0.000000
263040.000000	0.000000
263280.000000	0.000000
263520.000000	0.000000
263760.000000	0.000000
264000.000000	0.000000
264240.000000	0.000000
264480.000000	0.000000
264720.000000	0.000000
264960.000000	0.000000
265200.000000	0.000000
265440.000000	0.000000
265680.000000	0.000000
265920.000000	0.000000
266160.000000	0.000000
266400.000000	0.000000
266640.000000	0.000000
266880.000000	0.000000
267120.000000	0.000000
267360.000000	0.000000
267600.000000	0.000000
267840.000000	0.000000
268080.000000	0.000000
268320.000000	0.000000
268560.000000	0.000000
268800.000000	0.000000
269040.000000	0.000000
269280.000000	0.000000
269520.000000	0.000000
269760.000000	0.000000
270000.000000	0.000000
270240.000000	0.000000
270480.000000	0.000000
270720.000000	0.000000
270960.000000	0.000000
271200.000000	0.000000
271440.000000	0.000000
271680.000000	0.000000
271920.000000	0.000000
272160.000000	0.000000
272400.000000	0.000000
272640.000000	0.000000
272880.000000	0.000000
273120.000000	0.000000
273360.000000	0.000000
273600.000000	0.000000
273840.000000	0.000000
274080.000000	0.000000
274320.000000	0.000000
274560.000000	0.000000
274800.000000	0.000000
275040.000000	0.000000
275280.000000	0.000000
275520.000000	0.000000
275760.000000	0.000000
276000.000000	0.000000
276240.000000	0.000000
276480.000000	0.000000
276720.000000	0.000000
276960.000000	0.000000
277200.000000	0.000000
277440.000000	0.000000
277680.000000	0.000000
277920.000000	0.000000
278160.000000	0.000000
278400.000000	0.000000
278640.000000	0.000000
278880.000000	0.000000
279120.000000	0.000000
279360.000000	0.000000
279600.000000	0.000000
279840.000000	0.000000
280080.000000	0.000000
280320.000000	0.000000
280560.000000	0.000000
280800.000000	0.000000
281040.000000	0.000000
281280.000000	0.000000
281520.000000	0.000000
281760.000000	0.000000
282000.000000	0.000000
282240.000000	0.000000
282480.000000	0.000000
282720.000000	0.000000
282960.000000	0.000000
283200.000000	0.000000
283440.000000	0.000000
283680.000000	0.000000
283920.000000	0.000000
284160.000000	0.000000
284400.000000	0.000000
284640.000000	0.000000
284880.000000	0.000000
285120.000000	0.000000
285360.000000	0.000000
285600.000000	0.000000
285840.000000	0.000000
286080.000000	0.000000
286320.000000	0.000000
286560.000000	0.000000
286800.000000	0.000000
287040.000000	0.000000
287280.000000	0.000000
287520.000000	0.000000
287760.000000	0.000000
288000.000000	0.000000
288240.000000	0.000000
288480.000000	0.000000
288720.000000	0.000000
288960.000000	0.000000
289200.000000	0.000000
289440.000000	0.000000
289680.000000	0.000000
289920.000000	0.000000
290160.000000	0.000000
290400.000000	0.000000
290640.000000	0.000000
290880.000000	0.000000
291120.000000	0.000000
291360.000000	0.000000
291600.000000	0.000000
291840.000000	0.000000
292080.000000	0.000000
292320.000000	0.000000
292560.000000	0.000000
292800.000000	0.000000
293040.000000	0.000000
293280.000000	0.000000
293520.000000	0.000000
293760.000000	0.000000
294000.000000	0.000000
294240.000000	0.000000
294480.000000	0.000000
294720.000000	0.000000
294960.000000	0.000000
295200.000000	0.000000
295440.000000	0.000000
295680.000000	0.000000
295920.000000	0.000000
296160.000000	0.000000
296400.000000	0.000000
296640.000000	0.000000
296880.000000	0.000000
297120.000000	0.000000
297360.000000	0.000000
297600.000000	0.000000
297840.000000	0.000000
298080.000000	0.000000
298320.000000	0.000000
298560.000000	0.000000
298800.000000	0.000000
299040.000000	0.000000
299280.000000	0.000000
299520.000000	0.000000
299760.000000	0.000000
300000.000000	0.000000
300240.000000	0.000000
300480.000000	0.000000
300720.000000	0.000000
300960.000000	0.000000
301200.000000	0.000000
301440.000000	0.000000
301680.000000	0.000000
301920.000000	0.000000
302160.000000	0.000000
302400.000000	0.000000
302640.000000	0.000000
302880.000000	0.000000
303120.000000	0.000000
303360.000000	0.000000
303600.000000	0.000000
303840.000000	0.000000
304080.000000	0.000000
304320.000000	0.000000
304560.000000	0.000000
304800.000000	0.000000
305040.000000	0.000000
305280.000000	0.000000
305520.000000	0.000000
305760.000000	0.000000
306000.000000	0.000000
306240.000000	0.000000
306480.000000	0.000000
306720.000000	0.000000
306960.000000	0.000000
307200.000000	0.000000
307440.000000	0.000000
307680.000000	0.000000
307920.000000	0.000000
308160.000000	0.000000
308400.000000	0.000000
308640.000000	0.000000
308880.000000	0.000000
309120.000000	0.000000
309360.000000	0.000000
309600.000000	0.000000
309840.000000	0.000000
310080.000000	0.000000
310320.000000	0.000000
310560.000000	0.000000
310800.000000	0.000000
311040.000000	0.000000
311280.000000	0.000000
311520.000000	0.000000
311760.000000	0.000000
312000.000000	0.000000
312240.000000	0.000000
312480.000000	0.000000
312720.000000	0.000000
312960.000000	0.000000
313200.000000	0.000000
313440.000000	0.000000
313680.000000	0.000000
313920.000000	0.000000
314160.000000	0.000000
314400.000000	0.000000
314640.000000	0.000000
314880.000000	0.000000
315120.000000	0.000000
315360.000000	0.000000
315600.000000	0.000000
315840.000000	0.000000
316080.000000	0.000000
316320.000000	0.000000
316560.000000	0.000000
316800.000000	0.000000
317040.000000	0.000000
317280.000000	0.000000
317520.000000	0.000000
317760.000000	0.000000
318000.000000	0.000000
318240.000000	0.000000
318480.000000	0.000000
318720.000000	0.000000
318960.000000	0.000000
319200.000000	0.000000
319440.000000	0.000000
319680.000000	0.000000
319920.000000	0.000000
320160.000000	0.000000
320400.000000	0.000000
320640.000000	0.000000
320880.000000	0.000000
321120.000000	0.000000
321360.000000	0.000000
321600.000000	0.000000
321840.000000	0.000000
322080.000000	0.000000
322320.000000	0.000000
322560.000000	0.000000
322800.000000	0.000000
323040.000000	0.000000
323280.000000	0.000000
323520.000000	0.000000
323760.000000	0.000000
324000.000000	0.000000
324240.000000	0.000000
324480.000000	0.000000
324720.000000	0.000000
324960.000000	0.000000
325200.000000	0.000000
325440.000000	0.000000
325680.000000	0.000000
325920.000000	0.000000
326160.000000	0.000000
326400.000000	0.000000
326640.000000	0.000000
326880.000000	0.000000
327120.000000	0.000000
327360.000000	0.000000
327600.000000	0.000000
327840.000000	0.000000
328080.000000	0.000000
328320.000000	0.000000
328560.000000	0.000000
328800.000000	0.000000
329040.000000	0.000000
329280.000000	0.000000
329520.000000	0.000000
329760.000000	0.000000
330000.000000	0.000000
330240.000000	0.000000
330480.000000	0.000000
330720.000000	0.000000
330960.000000	0.000000
331200.000000	0.000000
331440.000000	0.000000
331680.000000	0.000000
331920.000000	0.000000
332160.000000	0.000000
332400.000000	0.000000
332640.000000	0.000000
332880.000000	0.000000
333120.000000	0.000000
333360.000000	0.000000
333600.000000	0.000000
333840.000000	0.000000
334080.000000	0.000000
334320.000000	0.000000
334560.000000	0.000000
334800.000000	0.000000
335040.000000	0.000000
335280.000000	0.000000
335520.000000	0.000000
335760.000000	0.000000
336000.000000	0.000000
336240.000000	0.000000
336480.000000	0.000000
336720.000000	0.000000
336960.000000	0.000000
337200.000000	0.000000
337440.000000	0.000000
337680.000000	0.000000
337920.000000	0.000000
338160.000000	0.000000
338400.000000	0.000000
338640.000000	0.000000
338880.000000	0.000000
339120.000000	0.000000
339360.000000	0.000000
339600.000000	0.000000
339840.000000	0.000000
340080.000000	0.000000
340320.000000	0.000000
340560.000000	0.000000
340800.000000	0.000000
341040.000000	0.000000
341280.000000	0.000000
341520.000000	0.000000
341760.000000	0.000000
342000.000000	0.000000
342240.000000	0.000000
342480.000000	0.000000
342720.000000	0.000000
342960.000000	0.000000
343200.000000	0.000000
343440.000000	0.000000
343680.000000	0.000000
343920.000000	0.000000
344160.000000	0.000000
344400.000000	0.000000
344640.000000	0.000000
344880.000000	0.000000
345120.000000	0.000000
345360.000000	0.000000
345600.000000	0.000000
345840.000000	0.000000
346080.000000	0.000000
346320.000000	0.000000
346560.000000	0.000000
346800.000000	0.000000
347040.000000	0.000000
347280.000000	0.000000
347520.000000	0.000000
347760.000000	0.000000
348000.000000	0.000000
348240.000000	0.000000
348480.000000	0.000000
348720.000000	0.000000
348960.000000	0.000000
349200.000000	0.000000
349440.000000	0.000000
349680.000000	0.000000
349920.000000	0.000000
350160.000000	0.000000
350400.000000	0.000000
350640.000000	0.000000
350880.000000	0.000000
351120.000000	0.000000
351360.000000	0.000000
351600.000000	0.000000
351840.000000	0.000000
352080.000000	0.000000
352320.000000	0.000000
352560.000000	0.000000
352800.000000	0.000000
353040.000000	0.000000
353280.000000	0.000000
353520.000000	0.000000
353760.000000	0.000000
354000.000000	0.000000
354240.000000	0.000000
354480.000000	0.000000
354720.000000	0.000000
354960.000000	0.000000
355200.000000	0.000000
355440.000000	0.000000
355680.000000	0.000000
355920.000000	0.000000
356160.000000	0.000000
356400.000000	0.000000
356640.000000	0.000000
356880.000000	0.000000
357120.000000	0.000000
357360.000000	0.000000
357600.000000	0.000000
357840.000000	0.000000
358080.000000	0.000000
358320.000000	0.000000
358560.000000	0.000000
358800.000000	0.000000
359040.000000	0.000000
359280.000000	0.000000
359520.000000	0.000000
359760.000000	0.000000
360000.000000	0.000000
360240.000000	0.000000
360480.000000	0.000000
360720.000000	0.000000
360960.000000	0.000000
361200.000000	0.000000
361440.000000	0.000000
361680.000000	0.000000
361920.000000	0.000000
362160.000000	0.000000
362400.000000	0.000000
362640.000000	0.000000
362880.000000	0.000000
363120.000000	0.000000
363360.000000	0.000000
363600.000000	0.000000
363840.000000	0.000000
364080.000000	0.000000
364320.000000	0.000000
364560.000000	0.000000
364800.000000	0.000000
365040.000000	0.000000
365280.000000	0.000000
365520.000000	0.000000
365760.000000	0.000000
366000.000000	0.000000
366240.000000	0.000000
366480.000000	0.000000
366720.000000	0.000000
366960.000000	0.000000
367200.000000	0.000000
367440.000000	0.000000
367680.000000	0.000000
367920.000000	0.000000
368160.000000	0.000000
368400.000000	0.000000
368640.000000	0.000000
368880.000000	0.000000
369120.000000	0.000000
369360.000000	0.000000
369600.000000	0.000000
369840.000000	0.000000
370080.000000	0.000000
370320.000000	0.000000
370560.000000	0.000000
370800.000000	0.000000
371040.000000	0.000000
371280.000000	0.000000
371520.000000	0.000000
371760.000000	0.000000
372000.000000	0.000000
372240.000000	0.000000
372480.000000	0.000000
372720.000000	0.000000
372960.000000	0.000000
373200.000000	0.000000
373440.000000	0.000000
373680.000000	0.000000
373920.000000	0.000000
374160.000000	0.000000
374400.000000	0.000000
374640.000000	0.000000
374880.000000	0.000000
375120.000000	0.000000
375360.000000	0.000000
375600.000000	0.000000
375840.000000	0.000000
376080.000000	0.000000
376320.000000	0.000000
376560.000000	0.000000
376800.000000	0.000000
377040.000000	0.000000
377280.000000	0.000000
377520.000000	0.000000
377760.000000	0.000000
378000.000000	0.000000
378240.000000	0.000000
378480.000000	0.000000
378720.000000	0.000000
378960.000000	0.000000
379200.000000	0.000000
379440.000000	0.000000
379680.000000	0.000000
379920.000000	0.000000
380160.000000	0.000000
380400.000000	0.000000
380640.000000	0.000000
380880.000000	0.000000
381120.000000	0.000000
381360.000000	0.000000
381600.000000	0.000000
381840.000000	0.000000
382080.000000	0.000000
382320.000000	0.000000
382560.000000	0.000000
382800.000000	0.000000
383040.000000	0.000000
383280.000000	0.000000
383520.000000	0.000000
383760.000000	0.000000
384000.000000	0.000000
384240.000000	0.000000
384480.000000	0.000000
384720.000000	0.000000
384960.000000	0.000000
385200.000000	0.000000
385440.000000	0.000000
385680.000000	0.000000
385920.000000	0.000000
386160.000000	0.000000
386400.000000	0.000000
386640.000000	0.000000
386880.000000	0.000000
387120.000000	0.000000
387360.000000	0.000000
387600.000000	0.000000
387840.000000	0.000000
388080.000000	0.000000
388320.000000	0.000000
388560.000000	0.000000
388800.000000	0.000000
389040.000000	0.000000
389280.000000	0.000000
389520.000000	0.000000
389760.000000	0.000000
390000.000000	0.000000
390240.000000	0.000000
390480.000000	0.000000
390720.000000	0.000000
390960.000000	0.000000
391200.000000	0.000000
391440.000000	0.000000
391680.000000	0.000000
391920.000000	0.000000
392160.000000	0.000000
392400.000000	0.000000
392640.000000	0.000000
392880.000000	0.000000
393120.000000	0.000000
393360.000000	0.000000
393600.000000	0.000000
393840.000000	0.000000
394080.000000	0.000000
394320.000000	0.000000
394560.000000	0.000000
394800.000000	0.000000
395040.000000	0.000000
395280.000000	0.000000
395520.000000	0.000000
395760.000000	0.000000
396000.000000	0.000000
396240.000000	0.000000
396480.000000	0.000000
396720.000000	0.000000
396960.000000	0.000000
397200.000000	0.000000
397440.000000	0.000000
397680.000000	0.000000
397920.000000	0.000000
398160.000000	0.000000
398400.000000	0.000000
398640.000000	0.000000
398880.000000	0.000000
399120.000000	0.000000
399360.000000	0.000000
399600.000000	0.000000
399840.000000	0.000000
400080.000000	0.000000
400320.000000	0.000000
400560.000000	0.000000
400800.000000	0.000000
401040.000000	0.000000
401280.000000	0.000000
401520.000000	0.000000
401760.000000	0.000000
402000.000000	0.000000
402240.000000	0.000000
402480.000000	0.000000
402720.000000	0.000000
402960.000000	0.000000
403200.000000	0.000000
403440.000000	0.000000
403680.000000	0.000000
403920.000000	0.000000
404160.000000	0.000000
404400.000000	0.000000
404640.000000	0.000000
404880.000000	0.000000
405120.000000	0.000000
405360.000000	0.000000
405600.000000	0.000000
405840.000000	0.000000
406080.000000	0.000000
406320.000000	0.000000
406560.000000	0.000000
406800.000000	0.000000
407040.000000	0.000000
407280.000000	0.000000
407520.000000	0.000000
407760.000000	0.000000
408000.000000	0.000000
408240.000000	0.000000
408480.000000	0.000000
408720.000000	0.000000
408960.000000	0.000000
409200.000000	0.000000
409440.000000	0.000000
409680.000000	0.000000
409920.000000	0.000000
410160.000000	0.000000
410400.000000	0.000000
410640.000000	0.000000
410880.000000	0.000000
411120.000000	0.000000
411360.000000	0.000000
411600.000000	0.000000
411840.000000	0.000000
412080.000000	0.000000
412320.000000	0.000000
412560.000000	0.000000
412800.000000	0.000000
413040.000000	0.000000
413280.000000	0.000000
413520.000000	0.000000
413760.000000	0.000000
414000.000000	0.000000
414240.000000	0.000000
414480.000000	0.000000
414720.000000	0.000000
414960.000000	0.000000
415200.000000	0.000000
415440.000000	0.000000
415680.000000	0.000000
415920.000000	0.000000
416160.000000	0.000000
416400.000000	0.000000
416640.000000	0.000000
416880.000000	0.000000
417120.000000	0.000000
417360.000000	0.000000
417600.000000	0.000000
417840.000000	0.000000
418080.000000	0.000000
418320.000000	0.000000
418560.000000	0.000000
418800.000000	0.000000
419040.000000	0.000000
419280.000000	0.000000
419520.000000	0.000000
419760.000000	0.000000
420000.000000	0.000000
420240.000000	0.000000
420480.000000	0.000000
420720.000000	0.000000
420960.000000	0.000000
421200.000000	0.000000
421440.000000	0.000000
421680.000000	0.000000
421920.000000	0.000000
422160.000000	0.000000
422400.000000	0.000000
422640.000000	0.000000
422880.000000	0.000000
423120.000000	0.000000
423360.000000	0.000000
423600.000000	0.000000
423840.000000	0.000000
424080.000000	0.000000
424320.000000	0.000000
424560.000000	0.000000
424800.000000	0.000000
425040.000000	0.000000
425280.000000	0.000000
425520.000000	0.000000
425760.000000	0.000000
426000.000000	0.000000
426240.000000	0.000000
426480.000000	0.000000
426720.000000	0.000000
426960.000000	0.000000
427200.000000	0.000000
427440.000000	0.000000
427680.000000	0.000000
427920.000000	0.000000
428160.000000	0.000000
428400.000000	0.000000
428640.000000	0.000000
428880.000000	0.000000
429120.000000	0.000000
429360.000000	0.000000
429600.000000	0.000000
429840.000000	0.000000
430080.000000	0.000000
430320.000000	0.000000
430560.000000	0.000000
430800.000000	0.000000
431040.000000	0.000000
431280.000000	0.000000
431520.000000	0.000000
431760.000000	0.000000
432000.000000	0.000000
432240.000000	0.000000
432480.000000	0.000000
432720.000000	0.000000
432960.000000	0.000000
433200.000000	0.000000
433440.000000	0.000000
433680.000000	0.000000
433920.000000	0.000000
434160.000000	0.000000
434400.000000	0.000000
434640.000000	0.000000
434880.000000	0.000000
435120.000000	0.000000
435360.000000	0.000000
435600.000000	0.000000
435840.000000	0.000000
436080.000000	0.000000
436320.000000	0.000000
436560.000000	0.000000
436800.000000	0.000000
437040.000000	0.000000
437280.000000	0.000000
437520.000000	0.000000
437760.000000	0.000000
438000.000000	0.000000
438240.000000	0.000000
438480.000000	0.000000
438720.000000	0.000000
438960.000000	0.000000
439200.000000	0.000000
439440.000000	0.000000
439680.000000	0.000000
439920.000000	0.000000
440160.000000	0.000000
440400.000000	0.000000
440640.000000	0.000000
440880.000000	0.000000
441120.000000	0.000000
441360.000000	0.000000
441600.000000	0.000000
441840.000000	0.000000
442080.000000	0.000000
442320.000000	0.000000
442560.000000	0.000000
442800.000000	0.000000
443040.000000	0.000000
443280.000000	0.000000
443520.000000	0.000000
443760.000000	0.000000
444000.000000	0.000000
444240.000000	0.000000
444480.000000	0.000000
444720.000000	0.000000
444960.000000	0.000000
445200.000000	0.000000
445440.000000	0.000000
445680.000000	0.000000
445920.000000	0.000000
446160.000000	0.000000
446400.000000	0.000000
446640.000000	0.000000
446880.000000	0.000000
447120.000000	0.000000
447360.000000	0.000000
447600.000000	0.000000
447840.000000	0.000000
448080.000000	0.000000
448320.000000	0.000000
448560.000000	0.000000
448800.000000	0.000000
449040.000000	0.000000
449280.000000	0.000000
449520.000000	0.000000
449760.000000	0.000000
450000.000000	0.000000
450240.000000	0.000000
450480.000000	0.000000
450720.000000	0.000000
450960.000000	0.000000
451200.000000	0.000000
451440.000000	0.000000
451680.000000	0.000000
451920.000000	0.000000
452160.000000	0.000000
452400.000000	0.000000
452640.000000	0.000000
452880.000000	0.000000
453120.000000	0.000000
453360.000000	0.000000
453600.000000	0.000000
453840.000000	0.000000
454080.000000	0.000000
454320.000000	0.000000
454560.000000	0.000000
454800.000000	0.000000
455040.000000	0.000000
455280.000000	0.000000
455520.000000	0.000000
455760.000000	0.000000
456000.000000	0.000000
456240.000000	0.000000
456480.000000	0.000000
456720.000000	0.000000
456960.000000	0.000000
457200.000000	0.000000
457440.000000	0.000000
457680.000000	0.000000
457920.000000	0.000000
458160.000000	0.000000
458400.000000	0.000000
458640.000000	0.000000
458880.000000	0.000000
459120.000000	0.000000
459360.000000	0.000000
459600.000000	0.000000
459840.000000	0.000000
460080.000000	0.000000
460320.000000	0.000000
460560.000000	0.000000
460800.000000	0.000000
461040.000000	0.000000
461280.000000	0.000000
461520.000000	0.000000
461760.000000	0.000000
462000.000000	0.000000
462240.000000	0.000000
462480.000000	0.000000
462720.000000	0.000000
462960.000000	0.000000
463200.000000	0.000000
463440.000000	0.000000
463680.000000	0.000000
463920.000000	0.000000
464160.000000	0.000000
464400.000000	0.000000
464640.000000	0.000000
464880.000000	0.000000
465120.000000	0.000000
465360.000000	0.000000
465600.000000	0.000000
465840.000000	0.000000
466080.000000	0.000000
466320.000000	0.000000
466560.000000	0.000000
466800.000000	0.000000
467040.000000	0.000000
467280.000000	0.000000
467520.000000	0.000000
467760.000000	0.000000
468000.000000	0.000000
468240.000000	0.000000
468480.000000	0.000000
468720.000000	0.000000
468960.000000	0.000000
469200.000000	0.000000
469440.000000	0.000000
469680.000000	0.000000
469920.000000	0.000000
470160.000000	0.000000
470400.000000	0.000000
470640.000000	0.000000
470880.000000	0.000000
471120.000000	0.000000
471360.000000	0.000000
471600.000000	0.000000
471840.000000	0.000000
472080.000000	0.000000
472320.000000	0.000000
472560.000000	0.000000
472800.000000	0.000000
473040.000000	0.000000
473280.000000	0.000000
473520.000000	0.000000
473760.000000	0.000000
474000.000000	0.000000
474240.000000	0.000000
474480.000000	0.000000
474720.000000	0.000000
474960.000000	0.000000
475200.000000	0.000000
475440.000000	0.000000
475680.000000	0.000000
475920.000000	0.000000
476160.000000	0.000000
476400.000000	0.000000
476640.000000	0.000000
476880.000000	0.000000
477120.000000	0.000000
477360.000000	0.000000
477600.000000	0.000000
477840.000000	0.000000
478080.000000	0.000000
478320.000000	0.000000
478560.000000	0.000000
478800.000000	0.000000
479040.000000	0.000000
479280.000000	0.000000
479520.000000	0.000000
479760.000000	0.000000
480000.000000	0.000000
480240.000000	0.000000
480480.000000	0.000000
480720.000000	0.000000
480960.000000	0.000000
481200.000000	0.000000
481440.000000	0.000000
481680.000000	0.000000
481920.000000	0.000000
482160.000000	0.000000
482400.000000	0.000000
482640.000000	0.000000
482880.000000	0.000000
483120.000000	0.000000
483360.000000	0.000000
483600.000000	0.000000
483840.000000	0.000000
484080.000000	0.000000
484320.000000	0.000000
484560.000000	0.000000
484800.000000	0.000000
485040.000000	0.000000
485280.000000	0.000000
485520.000000	0.000000
485760.000000	0.000000
486000.000000	0.000000
486240.000000	0.000000
486480.000000	0.000000
486720.000000	0.000000
486960.000000	0.000000
487200.000000	0.000000
487440.000000	0.000000
487680.000000	0.000000
487920.000000	0.000000
488160.000000	0.000000
488400.000000	0.000000
488640.000000	0.000000
488880.000000	0.000000
489120.000000	0.000000
489360.000000	0.000000
489600.000000	0.000000
489840.000000	0.000000
490080.000000	0.000000
490320.000000	0.000000
490560.000000	0.000000
490800.000000	0.000000
491040.000000	0.000000
491280.000000	0.000000
491520.000000	0.000000
491760.000000	0.000000
492000.000000	0.000000
492240.000000	0.000000
492480.000000	0.000000
492720.000000	0.000000
492960.000000	0.000000
493200.000000	0.000000
493440.000000	0.000000
493680.000000	0.000000
493920.000000	0.000000
494160.000000	0.000000
494400.000000	0.000000
494640.000000	0.000000
494880.000000	0.000000
495120.000000	0.000000
495360.000000	0.000000
495600.000000	0.000000
495840.000000	0.000000
496080.000000	0.000000
496320.000000	0.000000
496560.000000	0.000000
496800.000000	0.000000
497040.000000	0.000000
497280.000000	0.000000
497520.000000	0.000000
497760.000000	0.000000
498000.000000	0.000000
498240.000000	0.000000
498480.000000	0.000000
498720.000000	0.000000
498960.000000	0.000000
499200.000000	0.000000
499440.000000	0.000000
499680.000000	0.000000
499920.000000	0.000000
500160.000000	0.000000
500400.000000	0.000000
500640.000000	0.000000
500880.000000	0.000000
501120.000000	0.000000
501360.000000	0.000000
501600.000000	0.000000
501840.000000	0.000000
502080.000000	0.000000
502320.000000	0.000000
502560.000000	0.000000
502800.000000	0.000000
503040.000000	0.000000
503280.000000	0.000000
503520.000000	0.000000
503760.000000	0.000000
504000.000000	0.000000
504240.000000	0.000000
504480.000000	0.000000
504720.000000	0.000000
504960.000000	0.000000
505200.000000	0.000000
505440.000000	0.000000
505680.000000	0.000000
505920.000000	0.000000
506160.000000	0.000000
506400.000000	0.000000
506640.000000	0.000000
506880.000000	0.000000
507120.000000	0.000000
507360.000000	0.000000
507600.000000	0.000000
507840.000000	0.000000
508080.000000	0.000000
508320.000000	0.000000
508560.000000	0.000000
508800.000000	0.000000
509040.000000	0.000000
509280.000000	0.000000
509520.000000	0.000000
509760.000000	0.000000
510000.000000	0.000000
510240.000000	0.000000
510480.000000	0.000000
510720.000000	0.000000
510960.000000	0.000000
511200.000000	0.000000
511440.000000	0.000000
511680.000000	0.000000
511920.000000	0.000000
512160.000000	0.000000
512400.000000	0.000000
512640.000000	0.000000
512880.000000	0.000000
513120.000000	0.000000
513360.000000	0.000000
513600.000000	0.000000
513840.000000	0.000000
514080.000000	0.000000
514320.000000	0.000000
514560.000000	0.000000
514800.000000	0.000000
515040.000000	0.000000
515280.000000	0.000000
515520.000000	0.000000
515760.000000	0.000000
516000.000000	0.000000
516240.000000	0.000000
516480.000000	0.000000
516720.000000	0.000000
516960.000000	0.000000
517200.000000	0.000000
517440.000000	0.000000
517680.000000	0.000000
517920.000000	0.000000
518160.000000	0.000000
518400.000000	0.000000
518640.000000	0.000000
518880.000000	0.000000
519120.000000	0.000000
519360.000000	0.000000
519600.000000	0.000000
519840.000000	0.000000
520080.000000	0.000000
520320.000000	0.000000
520560.000000	0.000000
520800.000000	0.000000
521040.000000	0.000000
521280.000000	0.000000
521520.000000	0.000000
521760.000000	0.000000
522000.000000	0.000000
522240.000000	0.000000
522480.000000	0.000000
522720.000000	0.000000
522960.000000	0.000000
523200.000000	0.000000
523440.000000	0.000000
523680.000000	0.000000
523920.000000	0.000000
524160.000000	0.000000
524400.000000	0.000000
524640.000000	0.000000
524880.000000	0.000000
525120.000000	0.000000
525360.000000	0.000000
525600.000000	0.000000
525840.000000	0.000000
526080.000000	0.000000
526320.000000	0.000000
526560.000000	0.000000
526800.000000	0.000000
527040.000000	0.000000
527280.000000	0.000000
527520.000000	0.000000
527760.000000	0.000000
528000.000000	0.000000
528240.000000	0.000000
528480.000000	0.000000
528720.000000	0.000000
528960.000000	0.000000
529200.000000	0.000000
529440.000000	0.000000
529680.000000	0.000000
529920.000000	0.000000
530160.000000	0.000000
530400.000000	0.000000
530640.000000	0.000000
530880.000000	0.000000
531120.000000	0.000000
531360.000000	0.000000
531600.000000	0.000000
531840.000000	0.000000
532080.000000	0.000000
532320.000000	0.000000
532560.000000	0.000000
532800.000000	0.000000
533040.000000	0.000000
533280.000000	0.000000
533520.000000	0.000000
533760.000000	0.000000
534000.000000	0.000000
534240.000000	0.000000
534480.000000	0.000000
534720.000000	0.000000
534960.000000	0.000000
535200.000000	0.000000
535440.000000	0.000000
535680.000000	0.000000
535920.000000	0.000000
536160.000000	0.000000
536400.000000	0.000000
536640.000000	0.000000
536880.000000	0.000000
537120.000000	0.000000
537360.000000	0.000000
537600.000000	0.000000
537840.000000	0.000000
538080.000000	0.000000
538320.000000	0.000000
538560.000000	0.000000
538800.000000	0.000000
539040.000000	0.000000
539280.000000	0.000000
539520.000000	0.000000
539760.000000	0.000000
540000.000000	0.000000
540240.000000	0.000000
540480.000000	0.000000
540720.000000	0.000000
540960.000000	0.000000
541200.000000	0.000000
541440.000000	0.000000
541680.000000	0.000000
541920.000000	0.000000
542160.000000	0.000000
542400.000000	0.000000
542640.000000	0.000000
542880.000000	0.000000
543120.000000	0.000000
543360.000000	0.000000
543600.000000	0.000000
543840.000000	0.000000
544080.000000	0.000000
544320.000000	0.000000
544560.000000	0.000000
544800.000000	0.000000
545040.000000	0.000000
545280.000000	0.000000
545520.000000	0.000000
545760.000000	0.000000
546000.000000	0.000000
546240.000000	0.000000
546480.000000	0.000000
546720.000000	0.000000
546960.000000	0.000000
547200.000000	0.000000
547440.000000	0.000000
547680.000000	0.000000
547920.000000	0.000000
548160.000000	0.000000
548400.000000	0.000000
548640.000000	0.000000
548880.000000	0.000000
549120.000000	0.000000
549360.000000	0.000000
549600.000000	0.000000
549840.000000	0.000000
550080.000000	0.000000
550320.000000	0.000000
550560.000000	0.000000
550800.000000	0.000000
551040.000000	0.000000
551280.000000	0.000000
551520.000000	0.000000
551760.000000	0.000000
552000.000000	0.000000
552240.000000	0.000000
552480.000000	0.000000
552720.000000	0.000000
552960.000000	0.000000
553200.000000	0.000000
553440.000000	0.000000
553680.000000	0.000000
553920.000000	0.000000
554160.000000	0.000000
554400.000000	0.000000
554640.000000	0.000000
554880.000000	0.000000
555120.000000	0.000000
555360.000000	0.000000
555600.000000	0.000000
555840.000000	0.000000
556080.000000	0.000000
556320.000000	0.000000
556560.000000	0.000000
556800.000000	0.000000
557040.000000	0.000000
557280.000000	0.000000
557520.000000	0.000000
557760.000000	0.000000
558000.000000	0.000000
558240.000000	0.000000
558480.000000	0.000000
558720.000000	0.000000
558960.000000	0.000000
559200.000000	0.000000
559440.000000	0.000000
559680.000000	0.000000
559920.000000	0.000000
560160.000000	0.000000
560400.000000	0.000000
560640.000000	0.000000
560880.000000	0.000000
561120.000000	0.000000
561360.000000	0.000000
561600.000000	0.000000
561840.000000	0.000000
562080.000000	0.000000
562320.000000	0.000000
562560.000000	0.000000
562800.000000	0.000000
563040.000000	0.000000
563280.000000	0.000000
563520.000000	0.000000
563760.000000	0.000000
564000.000000	0.000000
564240.000000	0.000000
564480.000000	0.000000
564720.000000	0.000000
564960.000000	0.000000
565200.000000	0.000000
565440.000000	0.000000
565680.000000	0.000000
565920.000000	0.000000
566160.000000	0.000000
566400.000000	0.000000
566640.000000	0.000000
566880.000000	0.000000
567120.000000	0.000000
567360.000000	0.000000
567600.000000	0.000000
567840.000000	0.000000
568080.000000	0.000000
568320.000000	0.000000
568560.000000	0.000000
568800.000000	0.000000
569040.000000	0.000000
569280.000000	0.000000
569520.000000	0.000000
569760.000000	0.000000
570000.000000	0.000000
570240.000000	0.000000
570480.000000	0.000000
570720.000000	0.000000
570960.000000	0.000000
571200.000000	0.000000
571440.000000	0.000000
571680.000000	0.000000
571920.000000	0.000000
572160.000000	0.000000
572400.000000	0.000000
572640.000000	0.000000
572880.000000	0.000000
573120.000000	0.000000
573360.000000	0.000000
573600.000000	0.000000
573840.000000	0.000000
574080.000000	0.000000
574320.000000	0.000000
574560.000000	0.000000
574800.000000	0.000000
575040.000000	0.000000
575280.000000	0.000000
575520.000000	0.000000
575760.000000	0.000000
576000.000000	0.000000
576240.000000	0.000000
576480.000000	0.000000
576720.000000	0.000000
576960.000000	0.000000
577200.000000	0.000000
577440.000000	0.000000
577680.000000	0.000000
577920.000000	0.000000
578160.000000	0.000000
578400.000000	0.000000
578640.000000	0.000000
578880.000000	0.000000
579120.000000	0.000000
579360.000000	0.000000
579600.000000	0.000000
579840.000000	0.000000
580080.000000	0.000000
580320.000000	0.000000
580560.000000	0.000000
580800.000000	0.000000
581040.000000	0.000000
581280.000000	0.000000
581520.000000	0.000000
581760.000000	0.000000
582000.000000	0.000000
582240.000000	0.000000
582480.000000	0.000000
582720.000000	0.000000
582960.000000	0.000000
583200.000000	0.000000
583440.000000	0.000000
583680.000000	0.000000
583920.000000	0.000000
584160.000000	0.000000
584400.000000	0.000000
584640.000000	0.000000
584880.000000	0.000000
585120.000000	0.000000
585360.000000	0.000000
585600.000000	0.000000
585840.000000	0.000000
586080.000000	0.000000
586320.000000	0.000000
586560.000000	0.000000
586800.000000	0.000000
587040.000000	0.000000
587280.000000	0.000000
587520.000000	0.000000
587760.000000	0.000000
588000.000000	0.000000
588240.000000	0.000000
588480.000000	0.000000
588720.000000	0.000000
588960.000000	0.000000
589200.000000	0.000000
589440.000000	0.000000
589680.000000	0.000000
589920.000000	0.000000
590160.000000	0.000000
590400.000000	0.000000
590640.000000	0.000000
590880.000000	0.000000
591120.000000	0.000000
591360.000000	0.000000
591600.000000	0.000000
591840.000000	0.000000
592080.000000	0.000000
592320.000000	0.000000
592560.000000	0.000000
592800.000000	0.000000
593040.000000	0.000000
593280.000000	0.000000
593520.000000	0.000000
593760.000000	0.000000
594000.000000	0.000000
594240.000000	0.000000
594480.000000	0.000000
594720.000000	0.000000
594960.000000	0.000000
595200.000000	0.000000
595440.000000	0.000000
595680.000000	0.000000
595920.000000	0.000000
596160.000000	0.000000
596400.000000	0.000000
596640.000000	0.000000
596880.000000	0.000000
597120.000000	0.000000
597360.000000	0.000000
597600.000000	0.000000
597840.000000	0.000000
598080.000000	0.000000
598320.000000	0.000000
598560.000000	0.000000
598800.000000	0.000000
599040.000000	0.000000
599280.000000	0.000000
599520.000000	0.000000
599760.000000	0.000000
600000.000000	0.000000
600240.000000	0.000000
600480.000000	0.000000
600720.000000	0.000000
600960.000000	0.000000
601200.000000	0.000000
601440.000000	0.000000
601680.000000	0.000000
601920.000000	0.000000
602160.000000	0.000000
602400.000000	0.000000
602640.000000	0.000000
602880.000000	0.000000
603120.000000	0.000000
603360.000000	0.000000
603600.000000	0.000000
603840.000000	0.000000
604080.000000	0.000000
604320.000000	0.000000
604560.000000	0.000000
604800.000000	0.000000
605040.000000	0.000000
605280.000000	0.000000
605520.000000	0.000000
605760.000000	0.000000
606000.000000	0.000000
606240.000000	0.000000
606480.000000	0.000000
606720.000000	0.000000
606960.000000	0.000000
607200.000000	0.000000
607440.000000	0.000000
607680.000000	0.000000
607920.000000	0.000000
608160.000000	0.000000
608400.000000	0.000000
608640.000000	0.000000
608880.000000	0.000000
609120.000000	0.000000
609360.000000	0.000000
609600.000000	0.000000
609840.000000	0.000000
610080.000000	0.000000
610320.000000	0.000000
610560.000000	0.000000
610800.000000	0.000000
611040.000000	0.000000
611280.000000	0.000000
611520.000000	0.000000
611760.000000	0.000000
612000.000000	0.000000
612240.000000	0.000000
612480.000000	0.000000
612720.000000	0.000000
612960.000000	0.000000
613200.000000	0.000000
613440.000000	0.000000
613680.000000	0.000000
613920.000000	0.000000
614160.000000	0.000000
614400.000000	0.000000
614640.000000	0.000000
614880.000000	0.000000
615120.000000	0.000000
615360.000000	0.000000
615600.000000	0.000000
615840.000000	0.000000
616080.000000	0.000000
616320.000000	0.000000
616560.000000	0.000000
616800.000000	0.000000
617040.000000	0.000000
617280.000000	0.000000
617520.000000	0.000000
617760.000000	0.000000
618000.000000	0.000000
618240.000000	0.000000
618480.000000	0.000000
618720.000000	0.000000
618960.000000	0.000000
619200.000000	0.000000
619440.000000	0.000000
619680.000000	0.000000
619920.000000	0.000000
620160.000000	0.000000
620400.000000	0.000000
620640.000000	0.000000
620880.000000	0.000000
621120.000000	0.000000
621360.000000	0.000000
621600.000000	0.000000
621840.000000	0.000000
622080.000000	0.000000
622320.000000	0.000000
622560.000000	0.000000
622800.000000	0.000000
623040.000000	0.000000
623280.000000	0.000000
623520.000000	0.000000
623760.000000	0.000000
624000.000000	0.000000
624240.000000	0.000000
624480.000000	0.000000
624720.000000	0.000000
624960.000000	0.000000
625200.000000	0.000000
625440.000000	0.000000
625680.000000	0.000000
625920.000000	0.000000
626160.000000	0.000000
626400.000000	0.000000
626640.000000	0.000000
626880.000000	0.000000
627120.000000	0.000000
627360.000000	0.000000
627600.000000	0.000000
627840.000000	0.000000
628080.000000	0.000000
628320.000000	0.000000
628560.000000	0.000000
628800.000000	0.000000
629040.000000	0.000000
629280.000000	0.000000
629520.000000	0.000000
629760.000000	0.000000
630000.000000	0.000000
630240.000000	0.000000
630480.000000	0.000000
630720.000000	0.000000
630960.000000	0.000000
631200.000000	0.000000
631440.000000	0.000000
631680.000000	0.000000
631920.000000	0.000000
632160.000000	0.000000
632400.000000	0.000000
632640.000000	0.000000
632880.000000	0.000000
633120.000000	0.000000
633360.000000	0.000000
633600.000000	0.000000
633840.000000	0.000000
634080.000000	0.000000
634320.000000	0.000000
634560.000000	0.000000
634800.000000	0.000000
635040.000000	0.000000
635280.000000	0.000000
635520.000000	0.000000
635760.000000	0.000000
636000.000000	0.000000
636240.000000	0.000000
636480.000000	0.000000
636720.000000	0.000000
636960.000000	0.000000
637200.000000	0.000000
637440.000000	0.000000
637680.000000	0.000000
637920.000000	0.000000
638160.000000	0.000000
638400.000000	0.000000
638640.000000	0.000000
638880.000000	0.000000
639120.000000	0.000000
639360.000000	0.000000
639600.000000	0.000000
639840.000000	0.000000
640080.000000	0.000000
640320.000000	0.000000
640560.000000	0.000000
640800.000000	0.000000
641040.000000	0.000000
641280.000000	0.000000
641520.000000	0.000000
641760.000000	0.000000
642000.000000	0.000000
642240.000000	0.000000
642480.000000	0.000000
642720.000000	0.000000
642960.000000	0.000000
643200.000000	0.000000
643440.000000	0.000000
643680.000000	0.000000
643920.000000	0.000000
644160.000000	0.000000
644400.000000	0.000000
644640.000000	0.000000
644880.000000	0.000000
645120.000000	0.000000
645360.000000	0.000000
645600.000000	0.000000
645840.000000	0.000000
646080.000000	0.000000
646320.000000	0.000000
646560.000000	0.000000
646800.000000	0.000000
647040.000000	0.000000
647280.000000	0.000000
647520.000000	0.000000
647760.000000	0.000000
648000.000000	0.000000
648240.000000	0.000000
648480.000000	0.000000
648720.000000	0.000000
648960.000000	0.000000
649200.000000	0.000000
649440.000000	0.000000
649680.000000	0.000000
649920.000000	0.000000
650160.000000	0.000000
650400.000000	0.000000
650640.000000	0.000000
650880.000000	0.000000
651120.000000	0.000000
651360.000000	0.000000
651600.000000	0.000000
651840.000000	0.000000
652080.000000	0.000000
652320.000000	0.000000
652560.000000	0.000000
652800.000000	0.000000
653040.000000	0.000000
653280.000000	0.000000
653520.000000	0.000000
653760.000000	0.000000
654000.000000	0.000000
654240.000000	0.000000
654480.000000	0.000000
654720.000000	0.000000
654960.000000	0.000000
655200.000000	0.000000
655440.000000	0.000000
655680.000000	0.000000
655920.000000	0.000000
656160.000000	0.000000
656400.000000	0.000000
656640.000000	0.000000
656880.000000	0.000000
657120.000000	0.000000
657360.000000	0.000000
657600.000000	0.000000
657840.000000	0.000000
658080.000000	0.000000
658320.000000	0.000000
658560.000000	0.000000
658800.000000	0.000000
659040.000000	0.000000
659280.000000	0.000000
659520.000000	0.000000
659760.000000	0.000000
660000.000000	0.000000
660240.000000	0.000000
660480.000000	0.000000
660720.000000	0.000000
660960.000000	0.000000
661200.000000	0.000000
661440.000000	0.000000
661680.000000	0.000000
661920.000000	0.000000
662160.000000	0.000000
662400.000000	0.000000
662640.000000	0.000000
662880.000000	0.000000
663120.000000	0.000000
663360.000000	0.000000
663600.000000	0.000000
663840.000000	0.000000
664080.000000	0.000000
664320.000000	0.000000
664560.000000	0.000000
664800.000000	0.000000
665040.000000	0.000000
665280.000000	0.000000
665520.000000	0.000000
665760.000000	0.000000
666000.000000	0.000000
666240.000000	0.000000
666480.000000	0.000000
666720.000000	0.000000
666960.000000	0.000000
667200.000000	0.000000
667440.000000	0.000000
667680.000000	0.000000
667920.000000	0.000000
668160.000000	0.000000
668400.000000	0.000000
668640.000000	0.000000
668880.000000	0.000000
669120.000000	0.000000
669360.000000	0.000000
669600.000000	0.000000
669840.000000	0.000000
670080.000000	0.000000
670320.000000	0.000000
670560.000000	0.000000
670800.000000	0.000000
671040.000000	0.000000
671280.000000	0.000000
671520.000000	0.000000
671760.000000	0.000000
672000.000000	0.000000
672240.000000	0.000000
672480.000000	0.000000
672720.000000	0.000000
672960.000000	0.000000
673200.000000	0.000000
673440.000000	0.000000
673680.000000	0.000000
673920.000000	0.000000
674160.000000	0.000000
674400.000000	0.000000
674640.000000	0.000000
674880.000000	0.000000
675120.000000	0.000000
675360.000000	0.000000
675600.000000	0.000000
675840.000000	0.000000
676080.000000	0.000000
676320.000000	0.000000
676560.000000	0.000000
676800.000000	0.000000
677040.000000	0.000000
677280.000000	0.000000
677520.000000	0.000000
677760.000000	0.000000
678000.000000	0.000000
678240.000000	0.000000
678480.000000	0.000000
678720.000000	0.000000
678960.000000	0.000000
679200.000000	0.000000
679440.000000	0.000000
679680.000000	0.000000
679920.000000	0.000000
680160.000000	0.000000
680400.000000	0.000000
680640.000000	0.000000
680880.000000	0.000000
681120.000000	0.000000
681360.000000	0.000000
681600.000000	0.000000
681840.000000	0.000000
682080.000000	0.000000
682320.000000	0.000000
682560.000000	0.000000
682800.000000	0.000000
683040.000000	0.000000
683280.000000	0.000000
683520.000000	0.000000
683760.000000	0.000000
684000.000000	0.000000
684240.000000	0.000000
684480.000000	0.000000
684720.000000	0.000000
684960.000000	0.000000
685200.000000	0.000000
685440.000000	0.000000
685680.000000	0.000000
685920.000000	0.000000
686160.000000	0.000000
686400.000000	0.000000
686640.000000	0.000000
686880.000000	0.000000
687120.000000	0.000000
687360.000000	0.000000
687600.000000	0.000000
687840.000000	0.000000
688080.000000	0.000000
688320.000000	0.000000
688560.000000	0.000000
688800.000000	0.000000
689040.000000	0.000000
689280.000000	0.000000
689520.000000	0.000000
689760.000000	0.000000
690000.000000	0.000000
690240.000000	0.000000
690480.000000	0.000000
690720.000000	0.000000
690960.000000	0.000000
691200.000000	0.000000
691440.000000	0.000000
691680.000000	0.000000
691920.000000	0.000000
692160.000000	0.000000
692400.000000	0.000000
692640.000000	0.000000
692880.000000	0.000000
693120.000000	0.000000
693360.000000	0.000000
693600.000000	0.000000
693840.000000	0.000000
694080.000000	0.000000
694320.000000	0.000000
694560.000000	0.000000
694800.000000	0.000000
695040.000000	0.000000
695280.000000	0.000000
695520.000000	0.000000
695760.000000	0.000000
696000.000000	0.000000
696240.000000	0.000000
696480.000000	0.000000
696720.000000	0.000000
696960.000000	0.000000
697200.000000	0.000000
697440.000000	0.000000
697680.000000	0.000000
697920.000000	0.000000
698160.000000	0.000000
698400.000000	0.000000
698640.000000	0.000000
698880.000000	0.000000
699120.000000	0.000000
699360.000000	0.000000
699600.000000	0.000000
699840.000000	0.000000
700080.000000	0.000000
700320.000000	0.000000
700560.000000	0.000000
700800.000000	0.000000
701040.000000	0.000000
701280.000000	0.000000
701520.000000	0.000000
701760.000000	0.000000
702000.000000	0.000000
702240.000000	0.000000
702480.000000	0.000000
702720.000000	0.000000
702960.000000	0.000000
703200.000000	0.000000
703440.000000	0.000000
703680.000000	0.000000
703920.000000	0.000000
704160.000000	0.000000
704400.000000	0.000000
704640.000000	0.000000
704880.000000	0.000000
705120.000000	0.000000
705360.000000	0.000000
705600.000000	0.000000
705840.000000	0.000000
706080.000000	0.000000
706320.000000	0.000000
706560.000000	0.000000
706800.000000	0.000000
707040.000000	0.000000
707280.000000	0.000000
707520.000000	0.000000
707760.000000	0.000000
708000.000000	0.000000
708240.000000	0.000000
708480.000000	0.000000
708720.000000	0.000000
708960.000000	0.000000
709200.000000	0.000000
709440.000000	0.000000
709680.000000	0.000000
709920.000000	0.000000
710160.000000	0.000000
710400.000000	0.000000
710640.000000	0.000000
710880.000000	0.000000
711120.000000	0.000000
711360.000000	0.000000
711600.000000	0.000000
711840.000000	0.000000
712080.000000	0.000000
712320.000000	0.000000
712560.000000	0.000000
712800.000000	0.000000
713040.000000	0.000000
713280.000000	0.000000
713520.000000	0.000000
713760.000000	0.000000
714000.000000	0.000000
714240.000000	0.000000
714480.000000	0.000000
714720.000000	0.000000
714960.000000	0.000000
715200.000000	0.000000
715440.000000	0.000000
715680.000000	0.000000
715920.000000	0.000000
716160.000000	0.000000
716400.000000	0.000000
716640.000000	0.000000
716880.000000	0.000000
717120.000000	0.000000
717360.000000	0.000000
717600.000000	0.000000
717840.000000	0.000000
718080.000000	0.000000
718320.000000	0.000000
718560.000000	0.000000
718800.000000	0.000000
719040.000000	0.000000
719280.000000	0.000000
719520.000000	0.000000
719760.000000	0.000000
720000.000000	0.000000
720240.000000	0.000000
720480.000000	0.000000
720720.000000	0.000000
720960.000000	0.000000
721200.000000	0.000000
721440.000000	0.000000
721680.000000	0.000000
721920.000000	0.000000
722160.000000	0.000000
722400.000000	0.000000
722640.000000	0.000000
722880.000000	0.000000
723120.000000	0.000000
723360.000000	0.000000
723600.000000	0.000000
723840.000000	0.000000
724080.000000	0.000000
724320.000000	0.000000
724560.000000	0.000000
724800.000000	0.000000
725040.000000	0.000000
725280.000000	0.000000
725520.000000	0.000000
725760.000000	0.000000
726000.000000	0.000000
726240.000000	0.000000
726480.000000	0.000000
726720.000000	0.000000
726960.000000	0.000000
727200.000000	0.000000
727440.000000	0.000000
727680.000000	0.000000
727920.000000	0.000000
728160.000000	0.000000
728400.000000	0.000000
728640.000000	0.000000
728880.000000	0.000000
729120.000000	0.000000
729360.000000	0.000000
729600.000000	0.000000
729840.000000	0.000000
730080.000000	0.000000
730320.000000	0.000000
730560.000000	0.000000
730800.000000	0.000000
731040.000000	0.000000
731280.000000	0.000000
731520.000000	0.000000
731760.000000	0.000000
732000.000000	0.000000
732240.000000	0.000000
732480.000000	0.000000
732720.000000	0.000000
732960.000000	0.000000
733200.000000	0.000000
733440.000000	0.000000
733680.000000	0.000000
733920.000000	0.000000
734160.000000	0.000000
734400.000000	0.000000
734640.000000	0.000000
734880.000000	0.000000
735120.000000	0.000000
735360.000000	0.000000
735600.000000	0.000000
735840.000000	0.000000
736080.000000	0.000000
736320.000000	0.000000
736560.000000	0.000000
736800.000000	0.000000
737040.000000	0.000000
737280.000000	0.000000
737520.000000	0.000000
737760.000000	0.000000
738000.000000	0.000000
738240.000000	0.000000
738480.000000	0.000000
738720.000000	0.000000
738960.000000	0.000000
739200.000000	0.000000
739440.000000	0.000000
739680.000000	0.000000
739920.000000	0.000000
740160.000000	0.000000
740400.000000	0.000000
740640.000000	0.000000
740880.000000	0.000000
741120.000000	0.000000
741360.000000	0.000000
741600.000000	0.000000
741840.000000	0.000000
742080.000000	0.000000
742320.000000	0.000000
742560.000000	0.000000
742800.000000	0.000000
743040.000000	0.000000
743280.000000	0.000000
743520.000000	0.000000
743760.000000	0.000000
744000.000000	0.000000
744240.000000	0.000000
744480.000000	0.000000
744720.000000	0.000000
744960.000000	0.000000
745200.000000	0.000000
745440.000000	0.000000
745680.000000	0.000000
745920.000000	0.000000
746160.000000	0.000000
746400.000000	0.000000
746640.000000	0.000000
746880.000000	0.000000
747120.000000	0.000000
747360.000000	0.000000
747600.000000	0.000000
747840.000000	0.000000
748080.000000	0.000000
748320.000000	0.000000
748560.000000	0.000000
748800.000000	0.000000
749040.000000	0.000000
749280.000000	0.000000
749520.000000	0.000000
749760.000000	0.000000
750000.000000	0.000000
750240.000000	0.000000
750480.000000	0.000000
750720.000000	0.000000
750960.000000	0.000000
751200.000000	0.000000
751440.000000	0.000000
751680.000000	0.000000
751920.000000	0.000000
752160.000000	0.000000
752400.000000	0.000000
752640.000000	0.000000
752880.000000	0.000000
753120.000000	0.000000
753360.000000	0.000000
753600.000000	0.000000
753840.000000	0.000000
754080.000000	0.000000
754320.000000	0.000000
754560.000000	0.000000
754800.000000	0.000000
755040.000000	0.000000
755280.000000	0.000000
755520.000000	0.000000
755760.000000	0.000000
756000.000000	0.000000
756240.000000	0.000000
756480.000000	0.000000
756720.000000	0.000000
756960.000000	0.000000
757200.000000	0.000000
757440.000000	0.000000
757680.000000	0.000000
757920.000000	0.000000
758160.000000	0.000000
758400.000000	0.000000
758640.000000	0.000000
758880.000000	0.000000
759120.000000	0.000000
759360.000000	0.000000
759600.000000	0.000000
759840.000000	0.000000
760080.000000	0.000000
760320.000000	0.000000
760560.000000	0.000000
760800.000000	0.000000
761040.000000	0.000000
761280.000000	0.000000
761520.000000	0.000000
761760.000000	0.000000
762000.000000	0.000000
762240.000000	0.000000
762480.000000	0.000000
762720.000000	0.000000
762960.000000	0.000000
763200.000000	0.000000
763440.000000	0.000000
763680.000000	0.000000
763920.000000	0.000000
764160.000000	0.000000
764400.000000	0.000000
764640.000000	0.000000
764880.000000	0.000000
765120.000000	0.000000
765360.000000	0.000000
765600.000000	0.000000
765840.000000	0.000000
766080.000000	0.000000
766320.000000	0.000000
766560.000000	0.000000
766800.000000	0.000000
767040.000000	0.000000
767280.000000	0.000000
767520.000000	0.000000
767760.000000	0.000000
768000.000000	0.000000
768240.000000	0.000000
768480.000000	0.000000
768720.000000	0.000000
768960.000000	0.000000
769200.000000	0.000000
769440.000000	0.000000
769680.000000	0.000000
769920.000000	0.000000
770160.000000	0.000000
770400.000000	0.000000
770640.000000	0.000000
770880.000000	0.000000
771120.000000	0.000000
771360.000000	0.000000
771600.000000	0.000000
771840.000000	0.000000
772080.000000	0.000000
772320.000000	0.000000
772560.000000	0.000000
772800.000000	0.000000
773040.000000	0.000000
773280.000000	0.000000
773520.000000	0.000000
773760.000000	0.000000
774000.000000	0.000000
774240.000000	0.000000
774480.000000	0.000000
774720.000000	0.000000
774960.000000	0.000000
775200.000000	0.000000
775440.000000	0.000000
775680.000000	0.000000
775920.000000	0.000000
776160.000000	0.000000
776400.000000	0.000000
776640.000000	0.000000
776880.000000	0.000000
777120.000000	0.000000
777360.000000	0.000000
777600.000000	0.000000
777840.000000	0.000000
778080.000000	0.000000
778320.000000	0.000000
778560.000000	0.000000
778800.000000	0.000000
779040.000000	0.000000
779280.000000	0.000000
779520.000000	0.000000
779760.000000	0.000000
780000.000000	0.000000
780240.000000	0.000000
780480.000000	0.000000
780720.000000	0.000000
780960.000000	0.000000
781200.000000	0.000000
781440.000000	0.000000
781680.000000	0.000000
781920.000000	0.000000
782160.000000	0.000000
782400.000000	0.000000
782640.000000	0.000000
782880.000000	0.000000
783120.000000	0.000000
783360.000000	0.000000
783600.000000	0.000000
783840.000000	0.000000
784080.000000	0.000000
784320.000000	0.000000
784560.000000	0.000000
784800.000000	0.000000
785040.000000	0.000000
785280.000000	0.000000
785520.000000	0.000000
785760.000000	0.000000
786000.000000	0.000000
786240.000000	0.000000
786480.000000	0.000000
786720.000000	0.000000
786960.000000	0.000000
787200.000000	0.000000
787440.000000	0.000000
787680.000000	0.000000
787920.000000	0.000000
788160.000000	0.000000
788400.000000	0.000000
788640.000000	0.000000
788880.000000	0.000000
789120.000000	0.000000
789360.000000	0.000000
789600.000000	0.000000
789840.000000	0.000000
790080.000000	0.000000
790320.000000	0.000000
790560.000000	0.000000
790800.000000	0.000000
791040.000000	0.000000
791280.000000	0.000000
791520.000000	0.000000
791760.000000	0.000000
792000.000000	0.000000
792240.000000	0.000000
792480.000000	0.000000
792720.000000	0.000000
792960.000000	0.000000
793200.000000	0.000000
793440.000000	0.000000
793680.000000	0.000000
793920.000000	0.000000
794160.000000	0.000000
794400.000000	0.000000
794640.000000	0.000000
794880.000000	0.000000
795120.000000	0.000000
795360.000000	0.000000
795600.000000	0.000000
795840.000000	0.000000
796080.000000	0.000000
796320.000000	0.000000
796560.000000	0.000000
796800.000000	0.000000
797040.000000	0.000000
797280.000000	0.000000
797520.000000	0.000000
797760.000000	0.000000
798000.000000	0.000000
798240.000000	0.000000
798480.000000	0.000000
798720.000000	0.000000
798960.000000	0.000000
799200.000000	0.000000
799440.000000	0.000000
799680.000000	0.000000
799920.000000	0.000000
800160.000000	0.000000
800400.000000	0.000000
800640.000000	0.000000
800880.000000	0.000000
801120.000000	0.000000
801360.000000	0.000000
801600.000000	0.000000
801840.000000	0.000000
802080.000000	0.000000
802320.000000	0.000000
802560.000000	0.000000
802800.000000	0.000000
803040.000000	0.000000
803280.000000	0.000000
803520.000000	0.000000
803760.000000	0.000000
804000.000000	0.000000
804240.000000	0.000000
804480.000000	0.000000
804720.000000	0.000000
804960.000000	0.000000
805200.000000	0.000000
805440.000000	0.000000
805680.000000	0.000000
805920.000000	0.000000
806160.000000	0.000000
806400.000000	0.000000
806640.000000	0.000000
806880.000000	0.000000
807120.000000	0.000000
807360.000000	0.000000
807600.000000	0.000000
807840.000000	0.000000
808080.000000	0.000000
808320.000000	0.000000
808560.000000	0.000000
808800.000000	0.000000
809040.000000	0.000000
809280.000000	0.000000
809520.000000	0.000000
809760.000000	0.000000
810000.000000	0.000000
810240.000000	0.000000
810480.000000	0.000000
810720.000000	0.000000
810960.000000	0.000000
811200.000000	0.000000
811440.000000	0.000000
811680.000000	0.000000
811920.000000	0.000000
812160.000000	0.000000
812400.000000	0.000000
812640.000000	0.000000
812880.000000	0.000000
813120.000000	0.000000
813360.000000	0.000000
813600.000000	0.000000
813840.000000	0.000000
814080.000000	0.000000
814320.000000	0.000000
814560.000000	0.000000
814800.000000	0.000000
815040.000000	0.000000
815280.000000	0.000000
815520.000000	0.000000
815760.000000	0.000000
816000.000000	0.000000
816240.000000	0.000000
816480.000000	0.000000
816720.000000	0.000000
816960.000000	0.000000
817200.000000	0.000000
817440.000000	0.000000
817680.000000	0.000000
817920.000000	0.000000
818160.000000	0.000000
818400.000000	0.000000
818640.000000	0.000000
818880.000000	0.000000
819120.000000	0.000000
819360.000000	0.000000
819600.000000	0.000000
819840.000000	0.000000
820080.000000	0.000000
820320.000000	0.000000
820560.000000	0.000000
820800.000000	0.000000
821040.000000	0.000000
821280.000000	0.000000
821520.000000	0.000000
821760.000000	0.000000
822000.000000	0.000000
822240.000000	0.000000
822480.000000	0.000000
822720.000000	0.000000
822960.000000	0.000000
823200.000000	0.000000
823440.000000	0.000000
823680.000000	0.000000
823920.000000	0.000000
824160.000000	0.000000
824400.000000	0.000000
824640.000000	0.000000
824880.000000	0.000000
825120.000000	0.000000
825360.000000	0.000000
825600.000000	0.000000
825840.000000	0.000000
826080.000000	0.000000
826320.000000	0.000000
826560.000000	0.000000
826800.000000	0.000000
827040.000000	0.000000
827280.000000	0.000000
827520.000000	0.000000
827760.000000	0.000000
828000.000000	0.000000
828240.000000	0.000000
828480.000000	0.000000
828720.000000	0.000000
828960.000000	0.000000
829200.000000	0.000000
829440.000000	0.000000
829680.000000	0.000000
829920.000000	0.000000
830160.000000	0.000000
830400.000000	0.000000
830640.000000	0.000000
830880.000000	0.000000
831120.000000	0.000000
831360.000000	0.000000
831600.000000	0.000000
831840.000000	0.000000
832080.000000	0.000000
832320.000000	0.000000
832560.000000	0.000000
832800.000000	0.000000
833040.000000	0.000000
833280.000000	0.000000
833520.000000	0.000000
833760.000000	0.000000
834000.000000	0.000000
834240.000000	0.000000
834480.000000	0.000000
834720.000000	0.000000
834960.000000	0.000000
835200.000000	0.000000
835440.000000	0.000000
835680.000000	0.000000
835920.000000	0.000000
836160.000000	0.000000
836400.000000	0.000000
836640.000000	0.000000
836880.000000	0.000000
837120.000000	0.000000
837360.000000	0.000000
837600.000000	0.000000
837840.000000	0.000000
838080.000000	0.000000
838320.000000	0.000000
838560.000000	0.000000
838800.000000	0.000000
839040.000000	0.000000
839280.000000	0.000000
839520.000000	0.000000
839760.000000	0.000000
840000.000000	0.000000
840240.000000	0.000000
840480.000000	0.000000
840720.000000	0.000000
840960.000000	0.000000
841200.000000	0.000000
841440.000000	0.000000
841680.000000	0.000000
841920.000000	0.000000
842160.000000	0.000000
842400.000000	0.000000
842640.000000	0.000000
842880.000000	0.000000
843120.000000	0.000000
843360.000000	0.000000
843600.000000	0.000000
843840.000000	0.000000
844080.000000	0.000000
844320.000000	0.000000
844560.000000	0.000000
844800.000000	0.000000
845040.000000	0.000000
845280.000000	0.000000
845520.000000	0.000000
845760.000000	0.000000
846000.000000	0.000000
846240.000000	0.000000
846480.000000	0.000000
846720.000000	0.000000
846960.000000	0.000000
847200.000000	0.000000
847440.000000	0.000000
847680.000000	0.000000
847920.000000	0.000000
848160.000000	0.000000
848400.000000	0.000000
848640.000000	0.000000
848880.000000	0.000000
849120.000000	0.000000
849360.000000	0.000000
849600.000000	0.000000
849840.000000	0.000000
850080.000000	0.000000
850320.000000	0.000000
850560.000000	0.000000
850800.000000	0.000000
851040.000000	0.000000
851280.000000	0.000000
851520.000000	0.000000
851760.000000	0.000000
852000.000000	0.000000
852240.000000	0.000000
852480.000000	0.000000
852720.000000	0.000000
852960.000000	0.000000
853200.000000	0.000000
853440.000000	0.000000
853680.000000	0.000000
853920.000000	0.000000
854160.000000	0.000000
854400.000000	0.000000
854640.000000	0.000000
854880.000000	0.000000
855120.000000	0.000000
855360.000000	0.000000
855600.000000	0.000000
855840.000000	0.000000
856080.000000	0.000000
856320.000000	0.000000
856560.000000	0.000000
856800.000000	0.000000
857040.000000	0.000000
857280.000000	0.000000
857520.000000	0.000000
857760.000000	0.000000
858000.000000	0.000000
858240.000000	0.000000
858480.000000	0.000000
858720.000000	0.000000
858960.000000	0.000000
859200.000000	0.000000
859440.000000	0.000000
859680.000000	0.000000
859920.000000	0.000000
860160.000000	0.000000
860400.000000	0.000000
860640.000000	0.000000
860880.000000	0.000000
861120.000000	0.000000
861360.000000	0.000000
861600.000000	0.000000
861840.000000	0.000000
862080.000000	0.000000
862320.000000	0.000000
862560.000000	0.000000
862800.000000	0.000000
863040.000000	0.000000
863280.000000	0.000000
863520.000000	0.000000
863760.000000	0.000000
864000.000000	0.000000
